1 0.000272671 2.0576e-05 NA
2 2.597e-06 4.5856e-05 1
3 0.000257048 2.288e-05 NA
4 3.81e-06 5.0976e-05 3
5 0.000269657 2.5344e-05 NA
6 1.763e-06 5.6192e-05 5
7 0.000295981 2.7456e-05 NA
8 2.122e-06 6.1312e-05 7
9 0.000318361 2.928e-05 NA
10 2.078e-06 6.7008e-05 9
11 0.000345777 3.1712e-05 NA
12 1.969e-06 7.2768e-05 11
13 0.000385601 3.3472e-05 NA
14 2.181e-06 7.8432e-05 13
15 0.000441861 3.5488e-05 NA
16 2.058e-06 8.3777e-05 15
17 0.000427046 3.7024e-05 NA
18 2.823e-06 8.9089e-05 17
19 0.00046804 3.9712e-05 NA
20 4.333e-06 9.4465e-05 19
21 0.000475503 4.176e-05 NA
22 2.234e-06 9.9776e-05 21
23 0.000520887 4.416e-05 NA
24 1.901e-06 0.000105376 23
25 0.000526897 4.6272e-05 NA
26 2.018e-06 0.000110752 25
27 0.000579449 4.9248e-05 NA
28 1.86e-06 0.000115872 27
29 0.000627941 5.1974e-05 NA
30 2.107e-06 0.000121423 29
31 0.000649314 5.504e-05 NA
32 2.066e-06 0.000127296 31
33 0.000630784 5.7888e-05 NA
34 2.576e-06 0.000131872 33
35 0.000685109 6.0096e-05 NA
36 2.253e-06 0.0001376 35
37 0.000683379 6.2848e-05 NA
38 2.344e-06 0.000142432 37
39 0.000712312 6.4448e-05 NA
40 2.138e-06 0.00014832 39
41 0.000737134 6.608e-05 NA
42 2.082e-06 0.000153409 41
43 0.000760662 6.7776e-05 NA
44 1.835e-06 0.000158816 43
45 0.000809684 7.1424e-05 NA
46 1.966e-06 0.000163808 45
47 0.000816073 7.3608e-05 NA
48 1.877e-06 0.000169138 47
49 0.000917664 7.424e-05 NA
50 2.166e-06 0.000174816 49
51 0.000907364 7.7536e-05 NA
52 2.662e-06 0.000179968 51
53 0.000909682 8.0288e-05 NA
54 2.533e-06 0.00018544 53
55 0.001016054 8.1952e-05 NA
56 2.321e-06 0.000190912 55
57 0.001050562 8.4032e-05 NA
58 2.61e-06 0.000196706 57
59 0.001114536 8.6688e-05 NA
60 5.733e-06 0.000201248 59
61 0.001082255 8.9024e-05 NA
62 2.963e-06 0.000206752 61
63 0.00118484 9.136e-05 NA
64 2.857e-06 0.000212258 63
65 0.00118515 9.2992e-05 NA
66 5.339e-06 0.000217985 65
67 0.001261212 9.5776e-05 NA
68 5.171e-06 0.000222656 67
69 0.001205755 9.8112e-05 NA
70 2.799e-06 0.000228256 69
71 0.001347374 0.000100065 NA
72 7.407e-06 0.000233376 71
73 0.001257877 0.000101824 NA
74 2.966e-06 0.000239232 73
75 0.001466832 0.000104704 NA
76 3.24e-06 0.000244416 75
77 0.001347197 0.000106496 NA
78 3.049e-06 0.000249856 77
79 0.001562471 0.000108448 NA
80 3.223e-06 0.000255296 79
81 0.001598113 0.00011072 NA
82 2.857e-06 0.000260256 81
83 0.001608626 0.000113056 NA
84 3.331e-06 0.000265889 83
85 0.001725201 0.000114944 NA
86 3.364e-06 0.00027088 85
87 0.001629264 0.000117825 NA
88 5.887e-06 0.000276098 87
89 0.001585836 0.000120096 NA
90 3.415e-06 0.000281408 89
91 0.001887389 0.000122016 NA
92 3.6e-06 0.000286657 91
93 0.001727357 0.000123936 NA
94 3.495e-06 0.000292513 93
95 0.002027313 0.00012608 NA
96 3.455e-06 0.000297664 95
97 0.001993728 0.00012848 NA
98 3.808e-06 0.000302912 97
99 0.001856504 0.000130944 NA
100 3.97e-06 0.000308064 99
101 0.002298146 0.000132928 NA
102 6.225e-06 0.000314145 101
103 0.002247894 0.000135168 NA
104 3.799e-06 0.000319552 103
105 0.002291261 0.000137792 NA
106 3.422e-06 0.000324768 105
107 0.002093502 0.000139936 NA
108 5.71e-06 0.000330112 107
109 0.002439414 0.000141856 NA
110 4.568e-06 0.000335552 109
111 0.002468272 0.000143968 NA
112 6.344e-06 0.000341344 111
113 0.002603101 0.000146209 NA
114 3.652e-06 0.000345953 113
