1 272671 2327129 NA
2 2597 3436222 1
3 257048 2357057 NA
4 3810 3460480 3
5 269657 2347626 NA
6 1763 3505275 5
7 295981 2362320 NA
8 2122 3504416 7
9 318361 2368070 NA
10 2078 3531511 9
11 345777 2368756 NA
12 1969 3561888 11
13 385601 2380167 NA
14 2181 3587065 13
15 441861 2351863 NA
16 2058 3595197 15
17 427046 919022 NA
18 2823 3805308 17
19 468040 1043038 NA
20 4333 3685788 19
21 475503 1068384 NA
22 2234 3673955 21
23 520887 602985 NA
24 1901 3777801 23
25 526897 1066989 NA
26 2018 3775806 25
27 579449 780753 NA
28 1860 3838567 27
29 627941 1083902 NA
30 2107 3842566 29
31 649314 1085714 NA
32 2066 3887928 31
33 630784 1086654 NA
34 2576 3902617 33
35 685109 1106319 NA
36 2253 3960819 35
37 683379 1106725 NA
38 2344 3979018 37
39 712312 1111208 NA
40 2138 4050025 39
41 737134 1116514 NA
42 2082 4026645 41
43 760662 1122832 NA
44 1835 4101209 43
45 809684 852962 NA
46 1966 4107220 45
47 816073 1130284 NA
48 1877 4175527 47
49 917664 1136450 NA
50 2166 4203589 49
51 907364 1144904 NA
52 2662 4236568 51
53 909682 1146375 NA
54 2533 4276225 53
55 1016054 1151533 NA
56 2321 4258539 55
57 1050562 1145291 NA
58 2610 4326081 57
59 1114536 1169919 NA
60 5733 4346301 59
61 1082255 1162404 NA
62 2963 4393404 61
63 1184840 1188117 NA
64 2857 4369858 63
65 1185150 1156837 NA
66 5339 4445440 65
67 1261212 1179754 NA
68 5171 4418892 67
69 1205755 1185887 NA
70 2799 4537928 69
71 1347374 1191172 NA
72 7407 4505105 71
73 1257877 1143078 NA
74 2966 4520340 73
75 1466832 1211452 NA
76 3240 4554131 75
77 1347197 1213913 NA
78 3049 4594584 77
79 1562471 1205337 NA
80 3223 4608809 79
81 1598113 1227064 NA
82 2857 4651258 81
83 1608626 2274155 NA
84 3331 4745102 83
85 1725201 1237026 NA
86 3364 5801039 85
87 1629264 1240576 NA
88 5887 5255097 87
89 1585836 1243504 NA
90 3415 4899476 89
91 1887389 1254403 NA
92 3600 4831249 91
93 1727357 1275369 NA
94 3495 5366304 93
95 2027313 1259607 NA
96 3455 5421314 95
97 1993728 1773112 NA
98 3808 6089345 97
99 1856504 1762552 NA
100 3970 6150924 99
101 2298146 1823266 NA
102 6225 6205839 101
103 2247894 1823826 NA
104 3799 6208634 103
105 2291261 1849544 NA
106 3422 6236820 105
107 2093502 2258030 NA
108 5710 6270120 107
109 2439414 2045265 NA
110 4568 6294277 109
111 2468272 2523755 NA
112 6344 6336462 111
113 2603101 2443317 NA
114 3652 6562003 113
