1, kernel, 20, 0, 132312,
1, kernel, 20, 1, 755514146,
1, kernel, 20, 2, 744167617,
1, kernel, 20, 3, 744176178,
1, kernel, 20, 4, 744934536,
1, kernel, 20, 5, 745681793,
1, kernel, 20, 6, 744272913,
1, kernel, 20, 7, 744826943,
1, kernel, 20, 8, 743979038,
1, kernel, 20, 9, 745258090,
1, kernel, 20, 10, 745524527,
1, kernel, 20, 11, 745033755,
1, kernel, 20, 12, 745909397,
1, kernel, 20, 13, 744828431,
1, kernel, 20, 14, 744944310,
1, kernel, 20, 15, 745493238,
1, kernel, 20, 16, 746093281,
1, kernel, 20, 17, 744394609,
1, kernel, 20, 18, 744058515,
1, kernel, 20, 19, 745242743,
1, , 20, , 1359315781
1, kernel, 21, 0, 133391,
1, kernel, 21, 1, 749792840,
1, kernel, 21, 2, 745748820,
1, kernel, 21, 3, 744505054,
1, kernel, 21, 4, 744391820,
1, kernel, 21, 5, 744416783,
1, kernel, 21, 6, 744667712,
1, kernel, 21, 7, 744798452,
1, kernel, 21, 8, 744908808,
1, kernel, 21, 9, 748093904,
1, kernel, 21, 10, 746202333,
1, kernel, 21, 11, 744963951,
1, kernel, 21, 12, 745760959,
1, kernel, 21, 13, 744055685,
1, kernel, 21, 14, 745044844,
1, kernel, 21, 15, 744206212,
1, kernel, 21, 16, 744538079,
1, kernel, 21, 17, 744575618,
1, kernel, 21, 18, 743774206,
1, kernel, 21, 19, 743959063,
1, kernel, 21, 20, 745015305,
1, , 21, , 2102492833
1, kernel, 22, 0, 179073,
1, kernel, 22, 1, 754953561,
1, kernel, 22, 2, 745672832,
1, kernel, 22, 3, 744404874,
1, kernel, 22, 4, 744586311,
1, kernel, 22, 5, 744186747,
1, kernel, 22, 6, 744540873,
1, kernel, 22, 7, 744863448,
1, kernel, 22, 8, 745504621,
1, kernel, 22, 9, 745363794,
1, kernel, 22, 10, 744770087,
1, kernel, 22, 11, 744300948,
1, kernel, 22, 12, 744526623,
1, kernel, 22, 13, 743603443,
1, kernel, 22, 14, 744543370,
1, kernel, 22, 15, 744979236,
1, kernel, 22, 16, 746222985,
1, kernel, 22, 17, 744620750,
1, kernel, 22, 18, 744886923,
1, kernel, 22, 19, 744628773,
1, kernel, 22, 20, 744685730,
1, kernel, 22, 21, 745255213,
1, , 22, , -1440500013
1, kernel, 23, 0, 147618,
1, kernel, 23, 1, 750613614,
1, kernel, 23, 2, 744710346,
1, kernel, 23, 3, 745457465,
1, kernel, 23, 4, 744354058,
1, kernel, 23, 5, 744081666,
1, kernel, 23, 6, 744834125,
1, kernel, 23, 7, 745181985,
1, kernel, 23, 8, 744507314,
1, kernel, 23, 9, 745581111,
1, kernel, 23, 10, 744776346,
1, kernel, 23, 11, 745169058,
1, kernel, 23, 12, 745385165,
1, kernel, 23, 13, 744731236,
1, kernel, 23, 14, 744801611,
1, kernel, 23, 15, 744709521,
1, kernel, 23, 16, 745149966,
1, kernel, 23, 17, 745078565,
1, kernel, 23, 18, 744760026,
1, kernel, 23, 19, 745013050,
1, kernel, 23, 20, 745146458,
1, kernel, 23, 21, 745355484,
1, kernel, 23, 22, 745780886,
1, , 23, , -693210738
1, kernel, 24, 0, 180925,
1, kernel, 24, 1, 752637156,
1, kernel, 24, 2, 744770107,
1, kernel, 24, 3, 752156252,
1, kernel, 24, 4, 743947523,
1, kernel, 24, 5, 745770383,
1, kernel, 24, 6, 744406743,
1, kernel, 24, 7, 744964194,
1, kernel, 24, 8, 744025695,
1, kernel, 24, 9, 744283569,
1, kernel, 24, 10, 744370981,
1, kernel, 24, 11, 744508026,
1, kernel, 24, 12, 744609520,
1, kernel, 24, 13, 745099481,
1, kernel, 24, 14, 744680501,
1, kernel, 24, 15, 744805969,
1, kernel, 24, 16, 744428005,
1, kernel, 24, 17, 744583372,
1, kernel, 24, 18, 751879611,
1, kernel, 24, 19, 745088986,
1, kernel, 24, 20, 744800988,
1, kernel, 24, 21, 745151741,
1, kernel, 24, 22, 744094202,
1, kernel, 24, 23, 750657735,
1, , 24, , 72504962
1, kernel, 25, 0, 132385,
1, kernel, 25, 1, 751808819,
1, kernel, 25, 2, 744660848,
1, kernel, 25, 3, 744964518,
1, kernel, 25, 4, 744749135,
1, kernel, 25, 5, 745222159,
1, kernel, 25, 6, 745251928,
1, kernel, 25, 7, 746577679,
1, kernel, 25, 8, 746087108,
1, kernel, 25, 9, 745927698,
1, kernel, 25, 10, 745246414,
1, kernel, 25, 11, 748240941,
1, kernel, 25, 12, 745675707,
1, kernel, 25, 13, 744960895,
1, kernel, 25, 14, 745692081,
1, kernel, 25, 15, 744446326,
1, kernel, 25, 16, 745140719,
1, kernel, 25, 17, 744882230,
1, kernel, 25, 18, 745265430,
1, kernel, 25, 19, 745668667,
1, kernel, 25, 20, 744939335,
1, kernel, 25, 21, 752479658,
1, kernel, 25, 22, 746396689,
1, kernel, 25, 23, 745162482,
1, kernel, 25, 24, 745797080,
1, , 25, , 824979692
1, kernel, 26, 0, 133416,
1, kernel, 26, 1, 754850707,
1, kernel, 26, 2, 754002865,
1, kernel, 26, 3, 750705569,
1, kernel, 26, 4, 745338451,
1, kernel, 26, 5, 744230580,
1, kernel, 26, 6, 745097072,
1, kernel, 26, 7, 745144999,
1, kernel, 26, 8, 745964165,
1, kernel, 26, 9, 745192855,
1, kernel, 26, 10, 745039979,
1, kernel, 26, 11, 744802335,
1, kernel, 26, 12, 745838424,
1, kernel, 26, 13, 747227460,
1, kernel, 26, 14, 745534668,
1, kernel, 26, 15, 744801981,
1, kernel, 26, 16, 747540129,
1, kernel, 26, 17, 744962009,
1, kernel, 26, 18, 745533926,
1, kernel, 26, 19, 744886153,
1, kernel, 26, 20, 745161296,
1, kernel, 26, 21, 744004334,
1, kernel, 26, 22, 744967171,
1, kernel, 26, 23, 745466250,
1, kernel, 26, 24, 745242342,
1, kernel, 26, 25, 744763205,
1, , 26, , 1580354409
1, kernel, 27, 0, 133653,
1, kernel, 27, 1, 755402939,
1, kernel, 27, 2, 744964994,
1, kernel, 27, 3, 744311777,
1, kernel, 27, 4, 744706336,
1, kernel, 27, 5, 745799215,
1, kernel, 27, 6, 745717686,
1, kernel, 27, 7, 744738611,
1, kernel, 27, 8, 744448859,
1, kernel, 27, 9, 744692066,
1, kernel, 27, 10, 744870976,
1, kernel, 27, 11, 745462792,
1, kernel, 27, 12, 744324440,
1, kernel, 27, 13, 745454193,
1, kernel, 27, 14, 745200264,
1, kernel, 27, 15, 745163940,
1, kernel, 27, 16, 744618705,
1, kernel, 27, 17, 744297264,
1, kernel, 27, 18, 744876294,
1, kernel, 27, 19, 745584669,
1, kernel, 27, 20, 745655102,
1, kernel, 27, 21, 744881285,
1, kernel, 27, 22, 745654380,
1, kernel, 27, 23, 752295466,
1, kernel, 27, 24, 744806975,
1, kernel, 27, 25, 745575993,
1, kernel, 27, 26, 744823569,
1, , 27, , -1978860703
1, kernel, 28, 0, 131721,
1, kernel, 28, 1, 753719301,
1, kernel, 28, 2, 745457301,
1, kernel, 28, 3, 746543951,
1, kernel, 28, 4, 745717411,
1, kernel, 28, 5, 751359192,
1, kernel, 28, 6, 746608961,
1, kernel, 28, 7, 745296162,
1, kernel, 28, 8, 744619814,
1, kernel, 28, 9, 745029884,
1, kernel, 28, 10, 752226012,
1, kernel, 28, 11, 746045157,
1, kernel, 28, 12, 745660296,
1, kernel, 28, 13, 745353526,
1, kernel, 28, 14, 744802182,
1, kernel, 28, 15, 745279205,
1, kernel, 28, 16, 745941438,
1, kernel, 28, 17, 745882533,
1, kernel, 28, 18, 745213837,
1, kernel, 28, 19, 746014900,
1, kernel, 28, 20, 749648387,
1, kernel, 28, 21, 746520012,
1, kernel, 28, 22, 748053309,
1, kernel, 28, 23, 745766298,
1, kernel, 28, 24, 745157535,
1, kernel, 28, 25, 745188047,
1, kernel, 28, 26, 744325621,
1, kernel, 28, 27, 745508079,
1, , 28, , -1206172454
1, kernel, 29, 0, 131117,
1, kernel, 29, 1, 751823045,
1, kernel, 29, 2, 744845610,
1, kernel, 29, 3, 744657678,
1, kernel, 29, 4, 744929413,
1, kernel, 29, 5, 745058306,
1, kernel, 29, 6, 744881762,
1, kernel, 29, 7, 744773775,
1, kernel, 29, 8, 745527924,
1, kernel, 29, 9, 745478827,
1, kernel, 29, 10, 745529573,
1, kernel, 29, 11, 744730143,
1, kernel, 29, 12, 744909040,
1, kernel, 29, 13, 744856629,
1, kernel, 29, 14, 745700709,
1, kernel, 29, 15, 744911167,
1, kernel, 29, 16, 744670169,
1, kernel, 29, 17, 745814473,
1, kernel, 29, 18, 744659242,
1, kernel, 29, 19, 746208476,
1, kernel, 29, 20, 745068064,
1, kernel, 29, 21, 744783742,
1, kernel, 29, 22, 745188520,
1, kernel, 29, 23, 744841740,
1, kernel, 29, 24, 744490066,
1, kernel, 29, 25, 744642825,
1, kernel, 29, 26, 745292277,
1, kernel, 29, 27, 745498046,
1, kernel, 29, 28, 745517913,
1, , 29, , -489961415
1, kernel, 30, 0, 131899,
1, kernel, 30, 1, 752275265,
1, kernel, 30, 2, 745265504,
1, kernel, 30, 3, 744689915,
1, kernel, 30, 4, 746405975,
1, kernel, 30, 5, 744679419,
1, kernel, 30, 6, 745469721,
1, kernel, 30, 7, 744604471,
1, kernel, 30, 8, 745750835,
1, kernel, 30, 9, 748080893,
1, kernel, 30, 10, 746499479,
1, kernel, 30, 11, 745495367,
1, kernel, 30, 12, 744766797,
1, kernel, 30, 13, 745070415,
1, kernel, 30, 14, 745622971,
1, kernel, 30, 15, 744559676,
1, kernel, 30, 16, 745138354,
1, kernel, 30, 17, 745009066,
1, kernel, 30, 18, 745860596,
1, kernel, 30, 19, 744916295,
1, kernel, 30, 20, 745438665,
1, kernel, 30, 21, 745123270,
1, kernel, 30, 22, 744319071,
1, kernel, 30, 23, 745872344,
1, kernel, 30, 24, 746341298,
1, kernel, 30, 25, 752081540,
1, kernel, 30, 26, 745160127,
1, kernel, 30, 27, 745101648,
1, kernel, 30, 28, 746135600,
1, kernel, 30, 29, 744896831,
1, , 30, , 275172270
1, kernel, 31, 0, 133075,
1, kernel, 31, 1, 753694143,
1, kernel, 31, 2, 744621951,
1, kernel, 31, 3, 745508276,
1, kernel, 31, 4, 744868388,
1, kernel, 31, 5, 744836146,
1, kernel, 31, 6, 763801104,
1, kernel, 31, 7, 745407770,
1, kernel, 31, 8, 744180133,
1, kernel, 31, 9, 745242545,
1, kernel, 31, 10, 757472012,
1, kernel, 31, 11, 745271713,
1, kernel, 31, 12, 745385317,
1, kernel, 31, 13, 745129957,
1, kernel, 31, 14, 744366510,
1, kernel, 31, 15, 745093539,
1, kernel, 31, 16, 744572592,
1, kernel, 31, 17, 744966122,
1, kernel, 31, 18, 744798704,
1, kernel, 31, 19, 745367436,
1, kernel, 31, 20, 747338707,
1, kernel, 31, 21, 747616579,
1, kernel, 31, 22, 745912827,
1, kernel, 31, 23, 747943565,
1, kernel, 31, 24, 746650028,
1, kernel, 31, 25, 744444568,
1, kernel, 31, 26, 744583581,
1, kernel, 31, 27, 744884377,
1, kernel, 31, 28, 744330530,
1, kernel, 31, 29, 744349900,
1, kernel, 31, 30, 744160028,
1, , 31, , 1046372660
1, kernel, 32, 0, 133279,
1, kernel, 32, 1, 751005223,
1, kernel, 32, 2, 745636069,
1, kernel, 32, 3, 745336908,
1, kernel, 32, 4, 744249291,
1, kernel, 32, 5, 744943009,
1, kernel, 32, 6, 744911612,
1, kernel, 32, 7, 744591183,
1, kernel, 32, 8, 745461809,
1, kernel, 32, 9, 745517651,
1, kernel, 32, 10, 744768463,
1, kernel, 32, 11, 745196036,
1, kernel, 32, 12, 745160695,
1, kernel, 32, 13, 745160670,
1, kernel, 32, 14, 744816214,
1, kernel, 32, 15, 744683996,
1, kernel, 32, 16, 745315284,
1, kernel, 32, 17, 745378506,
1, kernel, 32, 18, 745825814,
1, kernel, 32, 19, 744878500,
1, kernel, 32, 20, 746699199,
1, kernel, 32, 21, 746108299,
1, kernel, 32, 22, 744388758,
1, kernel, 32, 23, 744375296,
1, kernel, 32, 24, 744662005,
1, kernel, 32, 25, 745631923,
1, kernel, 32, 26, 745054014,
1, kernel, 32, 27, 744694443,
1, kernel, 32, 28, 744862661,
1, kernel, 32, 29, 746298687,
1, kernel, 32, 30, 745208872,
1, kernel, 32, 31, 744987730,
1, , 32, , 1758768265
1, kernel, 33, 0, 131017,
1, kernel, 33, 1, 751723526,
1, kernel, 33, 2, 745660748,
1, kernel, 33, 3, 746067610,
1, kernel, 33, 4, 744321752,
1, kernel, 33, 5, 745063194,
1, kernel, 33, 6, 744586669,
1, kernel, 33, 7, 745649701,
1, kernel, 33, 8, 744766868,
1, kernel, 33, 9, 745132593,
1, kernel, 33, 10, 745210703,
1, kernel, 33, 11, 752026783,
1, kernel, 33, 12, 744227538,
1, kernel, 33, 13, 744174022,
1, kernel, 33, 14, 745703298,
1, kernel, 33, 15, 746235340,
1, kernel, 33, 16, 748964380,
1, kernel, 33, 17, 746922714,
1, kernel, 33, 18, 744549512,
1, kernel, 33, 19, 744228576,
1, kernel, 33, 20, 743875353,
1, kernel, 33, 21, 744806363,
1, kernel, 33, 22, 745170461,
1, kernel, 33, 23, 744876716,
1, kernel, 33, 24, 744439535,
1, kernel, 33, 25, 744890189,
1, kernel, 33, 26, 745535666,
1, kernel, 33, 27, 744939713,
1, kernel, 33, 28, 745111904,
1, kernel, 33, 29, 744998908,
1, kernel, 33, 30, 747300305,
1, kernel, 33, 31, 745115071,
1, kernel, 33, 32, 751600203,
1, , 33, , -1769842421
1, kernel, 34, 0, 131826,
1, kernel, 34, 1, 750630720,
1, kernel, 34, 2, 744708655,
1, kernel, 34, 3, 744467052,
1, kernel, 34, 4, 744536899,
1, kernel, 34, 5, 745150999,
1, kernel, 34, 6, 745332839,
1, kernel, 34, 7, 744308063,
1, kernel, 34, 8, 744751248,
1, kernel, 34, 9, 745100511,
1, kernel, 34, 10, 744744295,
1, kernel, 34, 11, 744138449,
1, kernel, 34, 12, 744566128,
1, kernel, 34, 13, 743693607,
1, kernel, 34, 14, 752583699,
1, kernel, 34, 15, 745002711,
1, kernel, 34, 16, 745297256,
1, kernel, 34, 17, 745593021,
1, kernel, 34, 18, 744958471,
1, kernel, 34, 19, 744884599,
1, kernel, 34, 20, 745478603,
1, kernel, 34, 21, 747101042,
1, kernel, 34, 22, 745773350,
1, kernel, 34, 23, 744622713,
1, kernel, 34, 24, 744592288,
1, kernel, 34, 25, 744618823,
1, kernel, 34, 26, 744736402,
1, kernel, 34, 27, 744576208,
1, kernel, 34, 28, 745616479,
1, kernel, 34, 29, 745298123,
1, kernel, 34, 30, 745011752,
1, kernel, 34, 31, 746342119,
1, kernel, 34, 32, 745670881,
1, kernel, 34, 33, 744245957,
1, , 34, , -1035627573
1, kernel, 35, 0, 130562,
1, kernel, 35, 1, 751029560,
1, kernel, 35, 2, 745112411,
1, kernel, 35, 3, 744719095,
1, kernel, 35, 4, 746404943,
1, kernel, 35, 5, 745744416,
1, kernel, 35, 6, 744568856,
1, kernel, 35, 7, 744108411,
1, kernel, 35, 8, 744658515,
1, kernel, 35, 9, 745336412,
1, kernel, 35, 10, 745867680,
1, kernel, 35, 11, 746271102,
1, kernel, 35, 12, 744705003,
1, kernel, 35, 13, 745213231,
1, kernel, 35, 14, 744991599,
1, kernel, 35, 15, 744732353,
1, kernel, 35, 16, 745288017,
1, kernel, 35, 17, 745014127,
1, kernel, 35, 18, 745446822,
1, kernel, 35, 19, 745604134,
1, kernel, 35, 20, 747350512,
1, kernel, 35, 21, 746836951,
1, kernel, 35, 22, 745552766,
1, kernel, 35, 23, 744606262,
1, kernel, 35, 24, 745529614,
1, kernel, 35, 25, 746267187,
1, kernel, 35, 26, 745199333,
1, kernel, 35, 27, 744498454,
1, kernel, 35, 28, 744510561,
1, kernel, 35, 29, 745737312,
1, kernel, 35, 30, 744679324,
1, kernel, 35, 31, 747228215,
1, kernel, 35, 32, 749987473,
1, kernel, 35, 33, 745307954,
1, kernel, 35, 34, 744791553,
1, , 35, , -277484904
1, kernel, 36, 0, 131269,
1, kernel, 36, 1, 751976275,
1, kernel, 36, 2, 745578026,
1, kernel, 36, 3, 752058969,
1, kernel, 36, 4, 744179759,
1, kernel, 36, 5, 745589009,
1, kernel, 36, 6, 744469750,
1, kernel, 36, 7, 745390330,
1, kernel, 36, 8, 744381347,
1, kernel, 36, 9, 745332831,
1, kernel, 36, 10, 744746734,
1, kernel, 36, 11, 744165711,
1, kernel, 36, 12, 744280669,
1, kernel, 36, 13, 744169617,
1, kernel, 36, 14, 744042692,
1, kernel, 36, 15, 745154547,
1, kernel, 36, 16, 744638350,
1, kernel, 36, 17, 744310310,
1, kernel, 36, 18, 744872601,
1, kernel, 36, 19, 745177829,
1, kernel, 36, 20, 750560690,
1, kernel, 36, 21, 744694439,
1, kernel, 36, 22, 744896463,
1, kernel, 36, 23, 745095077,
1, kernel, 36, 24, 745373232,
1, kernel, 36, 25, 744967488,
1, kernel, 36, 26, 744700098,
1, kernel, 36, 27, 745621305,
1, kernel, 36, 28, 772306565,
1, kernel, 36, 29, 744471049,
1, kernel, 36, 30, 745062531,
1, kernel, 36, 31, 745895329,
1, kernel, 36, 32, 744799977,
1, kernel, 36, 33, 745829906,
1, kernel, 36, 34, 752370067,
1, kernel, 36, 35, 755956386,
1, , 36, , 512013986
1, kernel, 37, 0, 163443,
1, kernel, 37, 1, 765898776,
1, kernel, 37, 2, 744853377,
1, kernel, 37, 3, 744967340,
1, kernel, 37, 4, 745345095,
1, kernel, 37, 5, 744738385,
1, kernel, 37, 6, 743648893,
1, kernel, 37, 7, 748045641,
1, kernel, 37, 8, 746059818,
1, kernel, 37, 9, 746548127,
1, kernel, 37, 10, 745083498,
1, kernel, 37, 11, 744059160,
1, kernel, 37, 12, 748285423,
1, kernel, 37, 13, 745433909,
1, kernel, 37, 14, 745063326,
1, kernel, 37, 15, 745363434,
1, kernel, 37, 16, 746884302,
1, kernel, 37, 17, 745003379,
1, kernel, 37, 18, 744181871,
1, kernel, 37, 19, 745238877,
1, kernel, 37, 20, 745073892,
1, kernel, 37, 21, 744995410,
1, kernel, 37, 22, 745463791,
1, kernel, 37, 23, 758379742,
1, kernel, 37, 24, 762528009,
1, kernel, 37, 25, 746520463,
1, kernel, 37, 26, 749843497,
1, kernel, 37, 27, 745422336,
1, kernel, 37, 28, 744659981,
1, kernel, 37, 29, 745279418,
1, kernel, 37, 30, 746719160,
1, kernel, 37, 31, 744858026,
1, kernel, 37, 32, 744664099,
1, kernel, 37, 33, 745009923,
1, kernel, 37, 34, 744849718,
1, kernel, 37, 35, 746383879,
1, kernel, 37, 36, 745113107,
1, , 37, , 1270173188
1, kernel, 38, 0, 145173,
1, kernel, 38, 1, 752580802,
1, kernel, 38, 2, 747017243,
1, kernel, 38, 3, 745143754,
1, kernel, 38, 4, 745102940,
1, kernel, 38, 5, 744789353,
1, kernel, 38, 6, 745526461,
1, kernel, 38, 7, 745542138,
1, kernel, 38, 8, 745275210,
1, kernel, 38, 9, 744268533,
1, kernel, 38, 10, 745488563,
1, kernel, 38, 11, 745164117,
1, kernel, 38, 12, 745163360,
1, kernel, 38, 13, 744951923,
1, kernel, 38, 14, 744737016,
1, kernel, 38, 15, 744647456,
1, kernel, 38, 16, 743550294,
1, kernel, 38, 17, 744499143,
1, kernel, 38, 18, 744193683,
1, kernel, 38, 19, 744156441,
1, kernel, 38, 20, 745376023,
1, kernel, 38, 21, 744803882,
1, kernel, 38, 22, 744268741,
1, kernel, 38, 23, 744952550,
1, kernel, 38, 24, 744810851,
1, kernel, 38, 25, 744670028,
1, kernel, 38, 26, 743973287,
1, kernel, 38, 27, 744702207,
1, kernel, 38, 28, 751368604,
1, kernel, 38, 29, 744225724,
1, kernel, 38, 30, 745265092,
1, kernel, 38, 31, 744508101,
1, kernel, 38, 32, 745293760,
1, kernel, 38, 33, 746238731,
1, kernel, 38, 34, 744944538,
1, kernel, 38, 35, 744796511,
1, kernel, 38, 36, 744845104,
1, kernel, 38, 37, 745190541,
1, , 38, , 1959411005
1, kernel, 39, 0, 136046,
1, kernel, 39, 1, 752978064,
1, kernel, 39, 2, 745884895,
1, kernel, 39, 3, 745121530,
1, kernel, 39, 4, 744848516,
1, kernel, 39, 5, 745054074,
1, kernel, 39, 6, 745066869,
1, kernel, 39, 7, 745217625,
1, kernel, 39, 8, 744800298,
1, kernel, 39, 9, 744718939,
1, kernel, 39, 10, 747247720,
1, kernel, 39, 11, 745467801,
1, kernel, 39, 12, 745007336,
1, kernel, 39, 13, 744181640,
1, kernel, 39, 14, 744394361,
1, kernel, 39, 15, 745023228,
1, kernel, 39, 16, 744608698,
1, kernel, 39, 17, 744503355,
1, kernel, 39, 18, 744222754,
1, kernel, 39, 19, 744780940,
1, kernel, 39, 20, 744474692,
1, kernel, 39, 21, 744574998,
1, kernel, 39, 22, 745545375,
1, kernel, 39, 23, 745352356,
1, kernel, 39, 24, 744738110,
1, kernel, 39, 25, 744399045,
1, kernel, 39, 26, 744997829,
1, kernel, 39, 27, 746052411,
1, kernel, 39, 28, 745962593,
1, kernel, 39, 29, 746211402,
1, kernel, 39, 30, 745931313,
1, kernel, 39, 31, 745802900,
1, kernel, 39, 32, 748068763,
1, kernel, 39, 33, 746814441,
1, kernel, 39, 34, 744694118,
1, kernel, 39, 35, 745434081,
1, kernel, 39, 36, 745061870,
1, kernel, 39, 37, 746311624,
1, kernel, 39, 38, 744500475,
1, , 39, , -1577982833
1, kernel, 40, 0, 180202,
1, kernel, 40, 1, 753528823,
1, kernel, 40, 2, 753255891,
1, kernel, 40, 3, 746628484,
1, kernel, 40, 4, 744988447,
1, kernel, 40, 5, 746081627,
1, kernel, 40, 6, 745296906,
1, kernel, 40, 7, 744125692,
1, kernel, 40, 8, 748849543,
1, kernel, 40, 9, 745182907,
1, kernel, 40, 10, 744894650,
1, kernel, 40, 11, 744994290,
1, kernel, 40, 12, 744852540,
1, kernel, 40, 13, 746088050,
1, kernel, 40, 14, 745157252,
1, kernel, 40, 15, 744394415,
1, kernel, 40, 16, 745400303,
1, kernel, 40, 17, 750756897,
1, kernel, 40, 18, 745082346,
1, kernel, 40, 19, 752575343,
1, kernel, 40, 20, 745956641,
1, kernel, 40, 21, 745855155,
1, kernel, 40, 22, 745004887,
1, kernel, 40, 23, 744760392,
1, kernel, 40, 24, 744736671,
1, kernel, 40, 25, 745867638,
1, kernel, 40, 26, 745350820,
1, kernel, 40, 27, 744606872,
1, kernel, 40, 28, 744084604,
1, kernel, 40, 29, 746763642,
1, kernel, 40, 30, 744160616,
1, kernel, 40, 31, 744449724,
1, kernel, 40, 32, 744543184,
1, kernel, 40, 33, 745182069,
1, kernel, 40, 34, 744095874,
1, kernel, 40, 35, 744090422,
1, kernel, 40, 36, 745389490,
1, kernel, 40, 37, 746508486,
1, kernel, 40, 38, 744190415,
1, kernel, 40, 39, 744278036,
1, , 40, , -811081980
1, kernel, 41, 0, 158245,
1, kernel, 41, 1, 753033097,
1, kernel, 41, 2, 745183011,
1, kernel, 41, 3, 744495998,
1, kernel, 41, 4, 745328482,
1, kernel, 41, 5, 744904735,
1, kernel, 41, 6, 746163528,
1, kernel, 41, 7, 745429923,
1, kernel, 41, 8, 744620775,
1, kernel, 41, 9, 751563737,
1, kernel, 41, 10, 745402946,
1, kernel, 41, 11, 744539773,
1, kernel, 41, 12, 744376603,
1, kernel, 41, 13, 745295935,
1, kernel, 41, 14, 744430351,
1, kernel, 41, 15, 744508284,
1, kernel, 41, 16, 744038758,
1, kernel, 41, 17, 745450984,
1, kernel, 41, 18, 744990664,
1, kernel, 41, 19, 745006019,
1, kernel, 41, 20, 745643366,
1, kernel, 41, 21, 745194761,
1, kernel, 41, 22, 744674354,
1, kernel, 41, 23, 744225505,
1, kernel, 41, 24, 745018170,
1, kernel, 41, 25, 744736723,
1, kernel, 41, 26, 744871093,
1, kernel, 41, 27, 744331040,
1, kernel, 41, 28, 744075527,
1, kernel, 41, 29, 744354390,
1, kernel, 41, 30, 745074763,
1, kernel, 41, 31, 745476232,
1, kernel, 41, 32, 745304368,
1, kernel, 41, 33, 744706918,
1, kernel, 41, 34, 745523680,
1, kernel, 41, 35, 744552101,
1, kernel, 41, 36, 744634661,
1, kernel, 41, 37, 744954535,
1, kernel, 41, 38, 745325998,
1, kernel, 41, 39, 745261673,
1, kernel, 41, 40, 745833158,
1, , 41, , -87839754
1, kernel, 42, 0, 181770,
1, kernel, 42, 1, 752908255,
1, kernel, 42, 2, 745371029,
1, kernel, 42, 3, 744830025,
1, kernel, 42, 4, 745465740,
1, kernel, 42, 5, 745477564,
1, kernel, 42, 6, 746089125,
1, kernel, 42, 7, 745258281,
1, kernel, 42, 8, 746160323,
1, kernel, 42, 9, 747669396,
1, kernel, 42, 10, 745793880,
1, kernel, 42, 11, 744716153,
1, kernel, 42, 12, 744308675,
1, kernel, 42, 13, 744583809,
1, kernel, 42, 14, 752238510,
1, kernel, 42, 15, 743900578,
1, kernel, 42, 16, 746035588,
1, kernel, 42, 17, 745242903,
1, kernel, 42, 18, 745834281,
1, kernel, 42, 19, 745130247,
1, kernel, 42, 20, 745178104,
1, kernel, 42, 21, 744365557,
1, kernel, 42, 22, 744460214,
1, kernel, 42, 23, 745021551,
1, kernel, 42, 24, 744613044,
1, kernel, 42, 25, 744189850,
1, kernel, 42, 26, 745573090,
1, kernel, 42, 27, 752243129,
1, kernel, 42, 28, 744940126,
1, kernel, 42, 29, 744231659,
1, kernel, 42, 30, 745571163,
1, kernel, 42, 31, 744282955,
1, kernel, 42, 32, 744877871,
1, kernel, 42, 33, 744387110,
1, kernel, 42, 34, 745847361,
1, kernel, 42, 35, 743761138,
1, kernel, 42, 36, 743843530,
1, kernel, 42, 37, 744687720,
1, kernel, 42, 38, 745418571,
1, kernel, 42, 39, 745302608,
1, kernel, 42, 40, 744524919,
1, kernel, 42, 41, 744823356,
1, , 42, , 674071580
1, kernel, 43, 0, 133708,
1, kernel, 43, 1, 753856060,
1, kernel, 43, 2, 744467028,
1, kernel, 43, 3, 745166534,
1, kernel, 43, 4, 744540092,
1, kernel, 43, 5, 744898246,
1, kernel, 43, 6, 744743746,
1, kernel, 43, 7, 745632293,
1, kernel, 43, 8, 744362190,
1, kernel, 43, 9, 744962898,
1, kernel, 43, 10, 745022472,
1, kernel, 43, 11, 745686011,
1, kernel, 43, 12, 769496128,
1, kernel, 43, 13, 744698654,
1, kernel, 43, 14, 744892101,
1, kernel, 43, 15, 744692004,
1, kernel, 43, 16, 745440373,
1, kernel, 43, 17, 745568604,
1, kernel, 43, 18, 745272828,
1, kernel, 43, 19, 744829241,
1, kernel, 43, 20, 744216388,
1, kernel, 43, 21, 744029309,
1, kernel, 43, 22, 744571129,
1, kernel, 43, 23, 744776724,
1, kernel, 43, 24, 744886924,
1, kernel, 43, 25, 745531502,
1, kernel, 43, 26, 744233005,
1, kernel, 43, 27, 744378776,
1, kernel, 43, 28, 751584995,
1, kernel, 43, 29, 744536750,
1, kernel, 43, 30, 744893874,
1, kernel, 43, 31, 748337700,
1, kernel, 43, 32, 744709784,
1, kernel, 43, 33, 746118766,
1, kernel, 43, 34, 744577877,
1, kernel, 43, 35, 744802574,
1, kernel, 43, 36, 744111225,
1, kernel, 43, 37, 744947818,
1, kernel, 43, 38, 743986203,
1, kernel, 43, 39, 744644120,
1, kernel, 43, 40, 744287707,
1, kernel, 43, 41, 745007734,
1, kernel, 43, 42, 743939442,
1, , 43, , 1433761480
1, kernel, 44, 0, 181965,
1, kernel, 44, 1, 752162245,
1, kernel, 44, 2, 745022304,
1, kernel, 44, 3, 745864537,
1, kernel, 44, 4, 744139287,
1, kernel, 44, 5, 744099609,
1, kernel, 44, 6, 744521886,
1, kernel, 44, 7, 744877741,
1, kernel, 44, 8, 744720804,
1, kernel, 44, 9, 744472823,
1, kernel, 44, 10, 745100273,
1, kernel, 44, 11, 744950558,
1, kernel, 44, 12, 749097404,
1, kernel, 44, 13, 744424490,
1, kernel, 44, 14, 744439277,
1, kernel, 44, 15, 745637702,
1, kernel, 44, 16, 744852290,
1, kernel, 44, 17, 744339771,
1, kernel, 44, 18, 743972820,
1, kernel, 44, 19, 748593102,
1, kernel, 44, 20, 749116336,
1, kernel, 44, 21, 746102328,
1, kernel, 44, 22, 744582032,
1, kernel, 44, 23, 744945708,
1, kernel, 44, 24, 744867344,
1, kernel, 44, 25, 744494237,
1, kernel, 44, 26, 744626288,
1, kernel, 44, 27, 744405173,
1, kernel, 44, 28, 743870903,
1, kernel, 44, 29, 744856187,
1, kernel, 44, 30, 744437384,
1, kernel, 44, 31, 745345546,
1, kernel, 44, 32, 744688942,
1, kernel, 44, 33, 744353395,
1, kernel, 44, 34, 746883325,
1, kernel, 44, 35, 745966286,
1, kernel, 44, 36, 746005383,
1, kernel, 44, 37, 745705410,
1, kernel, 44, 38, 744558834,
1, kernel, 44, 39, 745146395,
1, kernel, 44, 40, 744948142,
1, kernel, 44, 41, 744740718,
1, kernel, 44, 42, 745299641,
1, kernel, 44, 43, 745103307,
1, , 44, , -2131117990
1, kernel, 45, 0, 134145,
1, kernel, 45, 1, 753180094,
1, kernel, 45, 2, 745390924,
1, kernel, 45, 3, 744706310,
1, kernel, 45, 4, 745080715,
1, kernel, 45, 5, 745226789,
1, kernel, 45, 6, 748562598,
1, kernel, 45, 7, 748769910,
1, kernel, 45, 8, 745538285,
1, kernel, 45, 9, 745240065,
1, kernel, 45, 10, 745223181,
1, kernel, 45, 11, 745111241,
1, kernel, 45, 12, 745338516,
1, kernel, 45, 13, 744381911,
1, kernel, 45, 14, 745684579,
1, kernel, 45, 15, 743959024,
1, kernel, 45, 16, 745125205,
1, kernel, 45, 17, 744040430,
1, kernel, 45, 18, 744963486,
1, kernel, 45, 19, 744268244,
1, kernel, 45, 20, 744779209,
1, kernel, 45, 21, 744356903,
1, kernel, 45, 22, 743805017,
1, kernel, 45, 23, 743604314,
1, kernel, 45, 24, 745428261,
1, kernel, 45, 25, 745143192,
1, kernel, 45, 26, 744201317,
1, kernel, 45, 27, 744556785,
1, kernel, 45, 28, 744741875,
1, kernel, 45, 29, 744554846,
1, kernel, 45, 30, 744924531,
1, kernel, 45, 31, 748269258,
1, kernel, 45, 32, 747721876,
1, kernel, 45, 33, 744787686,
1, kernel, 45, 34, 743870762,
1, kernel, 45, 35, 745041368,
1, kernel, 45, 36, 745250794,
1, kernel, 45, 37, 744434155,
1, kernel, 45, 38, 744505513,
1, kernel, 45, 39, 744787398,
1, kernel, 45, 40, 745025968,
1, kernel, 45, 41, 744320504,
1, kernel, 45, 42, 744528820,
1, kernel, 45, 43, 744367167,
1, kernel, 45, 44, 744943796,
1, , 45, , -1387087154
1, kernel, 46, 0, 177446,
1, kernel, 46, 1, 753164272,
1, kernel, 46, 2, 744992742,
1, kernel, 46, 3, 744502526,
1, kernel, 46, 4, 744667709,
1, kernel, 46, 5, 744384555,
1, kernel, 46, 6, 745810417,
1, kernel, 46, 7, 750112643,
1, kernel, 46, 8, 745531612,
1, kernel, 46, 9, 744246696,
1, kernel, 46, 10, 744787542,
1, kernel, 46, 11, 744131048,
1, kernel, 46, 12, 745223180,
1, kernel, 46, 13, 745757360,
1, kernel, 46, 14, 745221880,
1, kernel, 46, 15, 744346210,
1, kernel, 46, 16, 744991334,
1, kernel, 46, 17, 745538325,
1, kernel, 46, 18, 744113080,
1, kernel, 46, 19, 743885470,
1, kernel, 46, 20, 746393863,
1, kernel, 46, 21, 745822847,
1, kernel, 46, 22, 744840503,
1, kernel, 46, 23, 744625845,
1, kernel, 46, 24, 746120084,
1, kernel, 46, 25, 750285681,
1, kernel, 46, 26, 746089241,
1, kernel, 46, 27, 744910033,
1, kernel, 46, 28, 748642715,
1, kernel, 46, 29, 745527422,
1, kernel, 46, 30, 746115163,
1, kernel, 46, 31, 744499252,
1, kernel, 46, 32, 744911728,
1, kernel, 46, 33, 746314715,
1, kernel, 46, 34, 745380344,
1, kernel, 46, 35, 744402882,
1, kernel, 46, 36, 746305347,
1, kernel, 46, 37, 744845481,
1, kernel, 46, 38, 744587838,
1, kernel, 46, 39, 745347176,
1, kernel, 46, 40, 746336809,
1, kernel, 46, 41, 744868180,
1, kernel, 46, 42, 744884823,
1, kernel, 46, 43, 744452768,
1, kernel, 46, 44, 745753132,
1, kernel, 46, 45, 744630467,
1, , 46, , -620783364
1, kernel, 47, 0, 134408,
1, kernel, 47, 1, 754442264,
1, kernel, 47, 2, 745239260,
1, kernel, 47, 3, 746216854,
1, kernel, 47, 4, 744891289,
1, kernel, 47, 5, 745634419,
1, kernel, 47, 6, 745311932,
1, kernel, 47, 7, 745742561,
1, kernel, 47, 8, 750582467,
1, kernel, 47, 9, 744559808,
1, kernel, 47, 10, 745797577,
1, kernel, 47, 11, 745556374,
1, kernel, 47, 12, 745506747,
1, kernel, 47, 13, 745131102,
1, kernel, 47, 14, 744388589,
1, kernel, 47, 15, 746057665,
1, kernel, 47, 16, 744868487,
1, kernel, 47, 17, 744769578,
1, kernel, 47, 18, 747461346,
1, kernel, 47, 19, 744700317,
1, kernel, 47, 20, 744696373,
1, kernel, 47, 21, 745399076,
1, kernel, 47, 22, 745532966,
1, kernel, 47, 23, 745726396,
1, kernel, 47, 24, 745132960,
1, kernel, 47, 25, 745173832,
1, kernel, 47, 26, 748526816,
1, kernel, 47, 27, 747337406,
1, kernel, 47, 28, 744864010,
1, kernel, 47, 29, 745334231,
1, kernel, 47, 30, 745290372,
1, kernel, 47, 31, 746058506,
1, kernel, 47, 32, 750076409,
1, kernel, 47, 33, 745300133,
1, kernel, 47, 34, 748035452,
1, kernel, 47, 35, 747247506,
1, kernel, 47, 36, 744409225,
1, kernel, 47, 37, 745593656,
1, kernel, 47, 38, 745104091,
1, kernel, 47, 39, 745983236,
1, kernel, 47, 40, 747654050,
1, kernel, 47, 41, 746317310,
1, kernel, 47, 42, 744420169,
1, kernel, 47, 43, 746277267,
1, kernel, 47, 44, 745516349,
1, kernel, 47, 45, 745784825,
1, kernel, 47, 46, 744448354,
1, , 47, , 146435288
1, kernel, 48, 0, 169562,
1, kernel, 48, 1, 752070217,
1, kernel, 48, 2, 745279457,
1, kernel, 48, 3, 745454364,
1, kernel, 48, 4, 744946626,
1, kernel, 48, 5, 745317788,
1, kernel, 48, 6, 744462402,
1, kernel, 48, 7, 744606075,
1, kernel, 48, 8, 744267124,
1, kernel, 48, 9, 744969285,
1, kernel, 48, 10, 744771463,
1, kernel, 48, 11, 745291022,
1, kernel, 48, 12, 746218938,
1, kernel, 48, 13, 745980879,
1, kernel, 48, 14, 744749770,
1, kernel, 48, 15, 748557730,
1, kernel, 48, 16, 744851438,
1, kernel, 48, 17, 747115252,
1, kernel, 48, 18, 744689410,
1, kernel, 48, 19, 746425644,
1, kernel, 48, 20, 747948132,
1, kernel, 48, 21, 745699029,
1, kernel, 48, 22, 744607475,
1, kernel, 48, 23, 744275517,
1, kernel, 48, 24, 744492186,
1, kernel, 48, 25, 745274133,
1, kernel, 48, 26, 744450713,
1, kernel, 48, 27, 746288772,
1, kernel, 48, 28, 744701349,
1, kernel, 48, 29, 745899446,
1, kernel, 48, 30, 744837558,
1, kernel, 48, 31, 744922390,
1, kernel, 48, 32, 745378997,
1, kernel, 48, 33, 746249185,
1, kernel, 48, 34, 744801926,
1, kernel, 48, 35, 745603871,
1, kernel, 48, 36, 749427600,
1, kernel, 48, 37, 745869303,
1, kernel, 48, 38, 745302543,
1, kernel, 48, 39, 746634384,
1, kernel, 48, 40, 747448031,
1, kernel, 48, 41, 745460678,
1, kernel, 48, 42, 744692168,
1, kernel, 48, 43, 744086916,
1, kernel, 48, 44, 745501088,
1, kernel, 48, 45, 745820348,
1, kernel, 48, 46, 744441030,
1, kernel, 48, 47, 744994639,
1, , 48, , 879108091
1, kernel, 49, 0, 133946,
1, kernel, 49, 1, 752322439,
1, kernel, 49, 2, 747225893,
1, kernel, 49, 3, 746580192,
1, kernel, 49, 4, 746928067,
1, kernel, 49, 5, 747178196,
1, kernel, 49, 6, 754601643,
1, kernel, 49, 7, 745058627,
1, kernel, 49, 8, 744718654,
1, kernel, 49, 9, 745002456,
1, kernel, 49, 10, 745308258,
1, kernel, 49, 11, 745369431,
1, kernel, 49, 12, 746156631,
1, kernel, 49, 13, 745440997,
1, kernel, 49, 14, 745764225,
1, kernel, 49, 15, 745180857,
1, kernel, 49, 16, 745721821,
1, kernel, 49, 17, 745003435,
1, kernel, 49, 18, 745870042,
1, kernel, 49, 19, 745048170,
1, kernel, 49, 20, 745434918,
1, kernel, 49, 21, 749897947,
1, kernel, 49, 22, 746237693,
1, kernel, 49, 23, 745775773,
1, kernel, 49, 24, 746756870,
1, kernel, 49, 25, 745220388,
1, kernel, 49, 26, 744551043,
1, kernel, 49, 27, 745903799,
1, kernel, 49, 28, 746168079,
1, kernel, 49, 29, 747673075,
1, kernel, 49, 30, 747484000,
1, kernel, 49, 31, 745171922,
1, kernel, 49, 32, 745029729,
1, kernel, 49, 33, 744364507,
1, kernel, 49, 34, 746270504,
1, kernel, 49, 35, 745152853,
1, kernel, 49, 36, 744109264,
1, kernel, 49, 37, 747984586,
1, kernel, 49, 38, 748767306,
1, kernel, 49, 39, 744829031,
1, kernel, 49, 40, 744539298,
1, kernel, 49, 41, 744544035,
1, kernel, 49, 42, 745135246,
1, kernel, 49, 43, 745687777,
1, kernel, 49, 44, 744961226,
1, kernel, 49, 45, 745363266,
1, kernel, 49, 46, 746462391,
1, kernel, 49, 47, 745529414,
1, kernel, 49, 48, 744990868,
1, , 49, , 1651986213
1, kernel, 50, 0, 180420,
1, kernel, 50, 1, 754806273,
1, kernel, 50, 2, 745397751,
1, kernel, 50, 3, 745791233,
1, kernel, 50, 4, 744836321,
1, kernel, 50, 5, 748199327,
1, kernel, 50, 6, 745161458,
1, kernel, 50, 7, 746244024,
1, kernel, 50, 8, 744482347,
1, kernel, 50, 9, 745288309,
1, kernel, 50, 10, 745674020,
1, kernel, 50, 11, 744247923,
1, kernel, 50, 12, 745120067,
1, kernel, 50, 13, 746868558,
1, kernel, 50, 14, 746934237,
1, kernel, 50, 15, 745141713,
1, kernel, 50, 16, 745365501,
1, kernel, 50, 17, 748880968,
1, kernel, 50, 18, 748120500,
1, kernel, 50, 19, 745669516,
1, kernel, 50, 20, 745046350,
1, kernel, 50, 21, 745229283,
1, kernel, 50, 22, 746056795,
1, kernel, 50, 23, 745095379,
1, kernel, 50, 24, 745207756,
1, kernel, 50, 25, 744602129,
1, kernel, 50, 26, 747219913,
1, kernel, 50, 27, 747287103,
1, kernel, 50, 28, 745801598,
1, kernel, 50, 29, 744888697,
1, kernel, 50, 30, 745467028,
1, kernel, 50, 31, 745600966,
1, kernel, 50, 32, 745837305,
1, kernel, 50, 33, 744223066,
1, kernel, 50, 34, 745187865,
1, kernel, 50, 35, 745341677,
1, kernel, 50, 36, 744419528,
1, kernel, 50, 37, 744987785,
1, kernel, 50, 38, 744512651,
1, kernel, 50, 39, 744661165,
1, kernel, 50, 40, 744950110,
1, kernel, 50, 41, 745006949,
1, kernel, 50, 42, 744628363,
1, kernel, 50, 43, 744900410,
1, kernel, 50, 44, 745837943,
1, kernel, 50, 45, 746707566,
1, kernel, 50, 46, 748700257,
1, kernel, 50, 47, 748109281,
1, kernel, 50, 48, 747419686,
1, kernel, 50, 49, 746552339,
1, , 50, , -1900521354
1, kernel, 51, 0, 133006,
1, kernel, 51, 1, 753288382,
1, kernel, 51, 2, 745116394,
1, kernel, 51, 3, 744665418,
1, kernel, 51, 4, 747198211,
1, kernel, 51, 5, 745286350,
1, kernel, 51, 6, 745641986,
1, kernel, 51, 7, 745255963,
1, kernel, 51, 8, 745001177,
1, kernel, 51, 9, 744874421,
1, kernel, 51, 10, 745106007,
1, kernel, 51, 11, 744443480,
1, kernel, 51, 12, 744703825,
1, kernel, 51, 13, 745432849,
1, kernel, 51, 14, 745329559,
1, kernel, 51, 15, 745330126,
1, kernel, 51, 16, 744272802,
1, kernel, 51, 17, 745197182,
1, kernel, 51, 18, 744882791,
1, kernel, 51, 19, 744534948,
1, kernel, 51, 20, 746313785,
1, kernel, 51, 21, 746002284,
1, kernel, 51, 22, 745602843,
1, kernel, 51, 23, 745316508,
1, kernel, 51, 24, 744619764,
1, kernel, 51, 25, 744872847,
1, kernel, 51, 26, 744878177,
1, kernel, 51, 27, 744304951,
1, kernel, 51, 28, 744855045,
1, kernel, 51, 29, 744756160,
1, kernel, 51, 30, 745493528,
1, kernel, 51, 31, 745815463,
1, kernel, 51, 32, 744170631,
1, kernel, 51, 33, 745244037,
1, kernel, 51, 34, 744836810,
1, kernel, 51, 35, 748403748,
1, kernel, 51, 36, 747434020,
1, kernel, 51, 37, 747007285,
1, kernel, 51, 38, 745822562,
1, kernel, 51, 39, 744370961,
1, kernel, 51, 40, 745595433,
1, kernel, 51, 41, 744773904,
1, kernel, 51, 42, 745975842,
1, kernel, 51, 43, 746056680,
1, kernel, 51, 44, 745311155,
1, kernel, 51, 45, 745505943,
1, kernel, 51, 46, 745061853,
1, kernel, 51, 47, 745085906,
1, kernel, 51, 48, 747437562,
1, kernel, 51, 49, 746921622,
1, kernel, 51, 50, 746261575,
1, , 51, , -1170125856
1, kernel, 52, 0, 134789,
1, kernel, 52, 1, 754608526,
1, kernel, 52, 2, 749567827,
1, kernel, 52, 3, 744710574,
1, kernel, 52, 4, 745059793,
1, kernel, 52, 5, 744629918,
1, kernel, 52, 6, 744818152,
1, kernel, 52, 7, 745648444,
1, kernel, 52, 8, 744990869,
1, kernel, 52, 9, 744792853,
1, kernel, 52, 10, 745536590,
1, kernel, 52, 11, 745680358,
1, kernel, 52, 12, 745022584,
1, kernel, 52, 13, 743642200,
1, kernel, 52, 14, 745100896,
1, kernel, 52, 15, 745185881,
1, kernel, 52, 16, 744870474,
1, kernel, 52, 17, 743942497,
1, kernel, 52, 18, 745692906,
1, kernel, 52, 19, 745315410,
1, kernel, 52, 20, 745878094,
1, kernel, 52, 21, 744751643,
1, kernel, 52, 22, 744951607,
1, kernel, 52, 23, 745238463,
1, kernel, 52, 24, 744310455,
1, kernel, 52, 25, 745508017,
1, kernel, 52, 26, 744568405,
1, kernel, 52, 27, 754480487,
1, kernel, 52, 28, 747190621,
1, kernel, 52, 29, 745704806,
1, kernel, 52, 30, 746094773,
1, kernel, 52, 31, 745305746,
1, kernel, 52, 32, 745972644,
1, kernel, 52, 33, 745043502,
1, kernel, 52, 34, 745633116,
1, kernel, 52, 35, 744800647,
1, kernel, 52, 36, 744238486,
1, kernel, 52, 37, 746237406,
1, kernel, 52, 38, 745836612,
1, kernel, 52, 39, 749494844,
1, kernel, 52, 40, 745473666,
1, kernel, 52, 41, 745049257,
1, kernel, 52, 42, 744629526,
1, kernel, 52, 43, 745848133,
1, kernel, 52, 44, 745642327,
1, kernel, 52, 45, 744517219,
1, kernel, 52, 46, 744640673,
1, kernel, 52, 47, 744907310,
1, kernel, 52, 48, 744738020,
1, kernel, 52, 49, 744374951,
1, kernel, 52, 50, 745077581,
1, kernel, 52, 51, 745160070,
1, , 52, , -415082606
1, kernel, 53, 0, 175888,
1, kernel, 53, 1, 752492300,
1, kernel, 53, 2, 744795546,
1, kernel, 53, 3, 745355369,
1, kernel, 53, 4, 745628498,
1, kernel, 53, 5, 745157031,
1, kernel, 53, 6, 744959152,
1, kernel, 53, 7, 745328724,
1, kernel, 53, 8, 745310787,
1, kernel, 53, 9, 745285771,
1, kernel, 53, 10, 744683900,
1, kernel, 53, 11, 744793918,
1, kernel, 53, 12, 745573342,
1, kernel, 53, 13, 744508879,
1, kernel, 53, 14, 745198647,
1, kernel, 53, 15, 745921027,
1, kernel, 53, 16, 750114267,
1, kernel, 53, 17, 745682165,
1, kernel, 53, 18, 744849675,
1, kernel, 53, 19, 746292294,
1, kernel, 53, 20, 745949877,
1, kernel, 53, 21, 746069579,
1, kernel, 53, 22, 745404872,
1, kernel, 53, 23, 745277020,
1, kernel, 53, 24, 745419372,
1, kernel, 53, 25, 745545721,
1, kernel, 53, 26, 744834147,
1, kernel, 53, 27, 744596935,
1, kernel, 53, 28, 745667463,
1, kernel, 53, 29, 746240339,
1, kernel, 53, 30, 744918060,
1, kernel, 53, 31, 745687216,
1, kernel, 53, 32, 745757369,
1, kernel, 53, 33, 745255213,
1, kernel, 53, 34, 746998353,
1, kernel, 53, 35, 744946735,
1, kernel, 53, 36, 744902877,
1, kernel, 53, 37, 745123426,
1, kernel, 53, 38, 750033141,
1, kernel, 53, 39, 746085981,
1, kernel, 53, 40, 746129600,
1, kernel, 53, 41, 744453718,
1, kernel, 53, 42, 745132127,
1, kernel, 53, 43, 744818780,
1, kernel, 53, 44, 745277178,
1, kernel, 53, 45, 744949991,
1, kernel, 53, 46, 744660293,
1, kernel, 53, 47, 745367862,
1, kernel, 53, 48, 746266273,
1, kernel, 53, 49, 745759396,
1, kernel, 53, 50, 745680105,
1, kernel, 53, 51, 744488152,
1, kernel, 53, 52, 746342650,
1, , 53, , 338476302
1, kernel, 54, 0, 184106,
1, kernel, 54, 1, 750779553,
1, kernel, 54, 2, 744822151,
1, kernel, 54, 3, 745109730,
1, kernel, 54, 4, 744938483,
1, kernel, 54, 5, 745338008,
1, kernel, 54, 6, 746443557,
1, kernel, 54, 7, 746195005,
1, kernel, 54, 8, 748010565,
1, kernel, 54, 9, 746279749,
1, kernel, 54, 10, 745859341,
1, kernel, 54, 11, 745380975,
1, kernel, 54, 12, 745784487,
1, kernel, 54, 13, 744848928,
1, kernel, 54, 14, 744656453,
1, kernel, 54, 15, 744231325,
1, kernel, 54, 16, 744738234,
1, kernel, 54, 17, 744591349,
1, kernel, 54, 18, 746036782,
1, kernel, 54, 19, 744541856,
1, kernel, 54, 20, 745964066,
1, kernel, 54, 21, 745289639,
1, kernel, 54, 22, 745560589,
1, kernel, 54, 23, 746001454,
1, kernel, 54, 24, 745394445,
1, kernel, 54, 25, 762102290,
1, kernel, 54, 26, 745766957,
1, kernel, 54, 27, 744525384,
1, kernel, 54, 28, 745018669,
1, kernel, 54, 29, 745229856,
1, kernel, 54, 30, 793237839,
1, kernel, 54, 31, 744691837,
1, kernel, 54, 32, 745300815,
1, kernel, 54, 33, 744281637,
1, kernel, 54, 34, 745155976,
1, kernel, 54, 35, 745258820,
1, kernel, 54, 36, 744276939,
1, kernel, 54, 37, 743829365,
1, kernel, 54, 38, 744664255,
1, kernel, 54, 39, 746407914,
1, kernel, 54, 40, 745253955,
1, kernel, 54, 41, 753297617,
1, kernel, 54, 42, 746600827,
1, kernel, 54, 43, 745158097,
1, kernel, 54, 44, 745114504,
1, kernel, 54, 45, 744994356,
1, kernel, 54, 46, 744870221,
1, kernel, 54, 47, 753538619,
1, kernel, 54, 48, 761542101,
1, kernel, 54, 49, 744171983,
1, kernel, 54, 50, 744871307,
1, kernel, 54, 51, 744737863,
1, kernel, 54, 52, 745179277,
1, kernel, 54, 53, 744343140,
1, , 54, , 1167963619
1, kernel, 55, 0, 134263,
1, kernel, 55, 1, 750439040,
1, kernel, 55, 2, 746326247,
1, kernel, 55, 3, 745202216,
1, kernel, 55, 4, 744241982,
1, kernel, 55, 5, 746121974,
1, kernel, 55, 6, 744811720,
1, kernel, 55, 7, 745153026,
1, kernel, 55, 8, 744548355,
1, kernel, 55, 9, 744108330,
1, kernel, 55, 10, 745216825,
1, kernel, 55, 11, 744247622,
1, kernel, 55, 12, 744276737,
1, kernel, 55, 13, 743729966,
1, kernel, 55, 14, 744449669,
1, kernel, 55, 15, 743970255,
1, kernel, 55, 16, 744354055,
1, kernel, 55, 17, 743721598,
1, kernel, 55, 18, 744830588,
1, kernel, 55, 19, 745015776,
1, kernel, 55, 20, 744709953,
1, kernel, 55, 21, 745161316,
1, kernel, 55, 22, 744456017,
1, kernel, 55, 23, 744237810,
1, kernel, 55, 24, 745081210,
1, kernel, 55, 25, 743820044,
1, kernel, 55, 26, 743903123,
1, kernel, 55, 27, 743666306,
1, kernel, 55, 28, 744290410,
1, kernel, 55, 29, 745303186,
1, kernel, 55, 30, 745355152,
1, kernel, 55, 31, 744288789,
1, kernel, 55, 32, 744347200,
1, kernel, 55, 33, 743824060,
1, kernel, 55, 34, 743973525,
1, kernel, 55, 35, 744616418,
1, kernel, 55, 36, 744150463,
1, kernel, 55, 37, 744297697,
1, kernel, 55, 38, 744342172,
1, kernel, 55, 39, 743692071,
1, kernel, 55, 40, 744139146,
1, kernel, 55, 41, 744868248,
1, kernel, 55, 42, 744276634,
1, kernel, 55, 43, 744233712,
1, kernel, 55, 44, 743922755,
1, kernel, 55, 45, 743787488,
1, kernel, 55, 46, 744932180,
1, kernel, 55, 47, 746239076,
1, kernel, 55, 48, 743846545,
1, kernel, 55, 49, 745622495,
1, kernel, 55, 50, 743819190,
1, kernel, 55, 51, 743994249,
1, kernel, 55, 52, 744134998,
1, kernel, 55, 53, 744101234,
1, kernel, 55, 54, 743811531,
1, , 55, , 1775028737
1, kernel, 56, 0, 180113,
1, kernel, 56, 1, 751667645,
1, kernel, 56, 2, 755529023,
1, kernel, 56, 3, 746907538,
1, kernel, 56, 4, 751567618,
1, kernel, 56, 5, 747143626,
1, kernel, 56, 6, 744858684,
1, kernel, 56, 7, 745698148,
1, kernel, 56, 8, 745510207,
1, kernel, 56, 9, 753639080,
1, kernel, 56, 10, 748300992,
1, kernel, 56, 11, 747010794,
1, kernel, 56, 12, 746088213,
1, kernel, 56, 13, 746789778,
1, kernel, 56, 14, 749240243,
1, kernel, 56, 15, 747945313,
1, kernel, 56, 16, 748867719,
1, kernel, 56, 17, 748719624,
1, kernel, 56, 18, 747052262,
1, kernel, 56, 19, 745125209,
1, kernel, 56, 20, 746011937,
1, kernel, 56, 21, 745487226,
1, kernel, 56, 22, 745861907,
1, kernel, 56, 23, 761482684,
1, kernel, 56, 24, 744300792,
1, kernel, 56, 25, 748694032,
1, kernel, 56, 26, 748649695,
1, kernel, 56, 27, 745638878,
1, kernel, 56, 28, 747126667,
1, kernel, 56, 29, 747044824,
1, kernel, 56, 30, 747416066,
1, kernel, 56, 31, 747574143,
1, kernel, 56, 32, 749764498,
1, kernel, 56, 33, 748131274,
1, kernel, 56, 34, 745639423,
1, kernel, 56, 35, 745052603,
1, kernel, 56, 36, 745366992,
1, kernel, 56, 37, 745026233,
1, kernel, 56, 38, 745314959,
1, kernel, 56, 39, 744927426,
1, kernel, 56, 40, 747655179,
1, kernel, 56, 41, 746359979,
1, kernel, 56, 42, 745351175,
1, kernel, 56, 43, 745405441,
1, kernel, 56, 44, 743901967,
1, kernel, 56, 45, 745976777,
1, kernel, 56, 46, 745894374,
1, kernel, 56, 47, 746338474,
1, kernel, 56, 48, 744998649,
1, kernel, 56, 49, 745030413,
1, kernel, 56, 50, 744768655,
1, kernel, 56, 51, 744406433,
1, kernel, 56, 52, 744350027,
1, kernel, 56, 53, 745564946,
1, kernel, 56, 54, 753671540,
1, kernel, 56, 55, 744386543,
1, , 56, , -1626529557
1, kernel, 57, 0, 191472,
1, kernel, 57, 1, 753310720,
1, kernel, 57, 2, 746873940,
1, kernel, 57, 3, 745265901,
1, kernel, 57, 4, 764584404,
1, kernel, 57, 5, 755246779,
1, kernel, 57, 6, 745405592,
1, kernel, 57, 7, 744705003,
1, kernel, 57, 8, 744716578,
1, kernel, 57, 9, 744683032,
1, kernel, 57, 10, 744786744,
1, kernel, 57, 11, 744215144,
1, kernel, 57, 12, 744630086,
1, kernel, 57, 13, 744626981,
1, kernel, 57, 14, 744822161,
1, kernel, 57, 15, 744816591,
1, kernel, 57, 16, 744329453,
1, kernel, 57, 17, 744651631,
1, kernel, 57, 18, 746328838,
1, kernel, 57, 19, 744399715,
1, kernel, 57, 20, 744457464,
1, kernel, 57, 21, 747631146,
1, kernel, 57, 22, 745101035,
1, kernel, 57, 23, 745084665,
1, kernel, 57, 24, 745344440,
1, kernel, 57, 25, 744257648,
1, kernel, 57, 26, 744794285,
1, kernel, 57, 27, 745821289,
1, kernel, 57, 28, 744594826,
1, kernel, 57, 29, 744760193,
1, kernel, 57, 30, 745196960,
1, kernel, 57, 31, 747104482,
1, kernel, 57, 32, 749492720,
1, kernel, 57, 33, 743960850,
1, kernel, 57, 34, 744565635,
1, kernel, 57, 35, 745412478,
1, kernel, 57, 36, 746465763,
1, kernel, 57, 37, 752509882,
1, kernel, 57, 38, 744919857,
1, kernel, 57, 39, 745596679,
1, kernel, 57, 40, 744930356,
1, kernel, 57, 41, 745219908,
1, kernel, 57, 42, 744919255,
1, kernel, 57, 43, 745869970,
1, kernel, 57, 44, 746486757,
1, kernel, 57, 45, 745518765,
1, kernel, 57, 46, 744173690,
1, kernel, 57, 47, 744948362,
1, kernel, 57, 48, 746302956,
1, kernel, 57, 49, 745497028,
1, kernel, 57, 50, 747426220,
1, kernel, 57, 51, 746301501,
1, kernel, 57, 52, 746308727,
1, kernel, 57, 53, 745537478,
1, kernel, 57, 54, 752873935,
1, kernel, 57, 55, 745328418,
1, kernel, 57, 56, 745336296,
1, , 57, , -926514195
1, kernel, 58, 0, 132323,
1, kernel, 58, 1, 754663979,
1, kernel, 58, 2, 761206627,
1, kernel, 58, 3, 753548027,
1, kernel, 58, 4, 744481891,
1, kernel, 58, 5, 745607431,
1, kernel, 58, 6, 744306130,
1, kernel, 58, 7, 745760003,
1, kernel, 58, 8, 744334563,
1, kernel, 58, 9, 745533567,
1, kernel, 58, 10, 745392458,
1, kernel, 58, 11, 745450263,
1, kernel, 58, 12, 744237399,
1, kernel, 58, 13, 744915998,
1, kernel, 58, 14, 744756780,
1, kernel, 58, 15, 745776777,
1, kernel, 58, 16, 744466703,
1, kernel, 58, 17, 744805357,
1, kernel, 58, 18, 746270122,
1, kernel, 58, 19, 750672411,
1, kernel, 58, 20, 744924948,
1, kernel, 58, 21, 744533483,
1, kernel, 58, 22, 744129569,
1, kernel, 58, 23, 745053298,
1, kernel, 58, 24, 744843775,
1, kernel, 58, 25, 746250548,
1, kernel, 58, 26, 744997687,
1, kernel, 58, 27, 745441248,
1, kernel, 58, 28, 748080208,
1, kernel, 58, 29, 751542736,
1, kernel, 58, 30, 750281909,
1, kernel, 58, 31, 750279810,
1, kernel, 58, 32, 748386034,
1, kernel, 58, 33, 749853714,
1, kernel, 58, 34, 749692724,
1, kernel, 58, 35, 748919303,
1, kernel, 58, 36, 745101056,
1, kernel, 58, 37, 745160654,
1, kernel, 58, 38, 744988030,
1, kernel, 58, 39, 747468744,
1, kernel, 58, 40, 745621757,
1, kernel, 58, 41, 745339471,
1, kernel, 58, 42, 750980444,
1, kernel, 58, 43, 747370927,
1, kernel, 58, 44, 746155162,
1, kernel, 58, 45, 744461872,
1, kernel, 58, 46, 744580199,
1, kernel, 58, 47, 747844182,
1, kernel, 58, 48, 745171306,
1, kernel, 58, 49, 746080303,
1, kernel, 58, 50, 744872826,
1, kernel, 58, 51, 747459819,
1, kernel, 58, 52, 745216614,
1, kernel, 58, 53, 751567282,
1, kernel, 58, 54, 747652951,
1, kernel, 58, 55, 745418067,
1, kernel, 58, 56, 745801832,
1, kernel, 58, 57, 746180706,
1, , 58, , -140915573
1, kernel, 59, 0, 133739,
1, kernel, 59, 1, 753213155,
1, kernel, 59, 2, 746437532,
1, kernel, 59, 3, 743982747,
1, kernel, 59, 4, 743823613,
1, kernel, 59, 5, 743051607,
1, kernel, 59, 6, 744136485,
1, kernel, 59, 7, 743560837,
1, kernel, 59, 8, 745460084,
1, kernel, 59, 9, 744481697,
1, kernel, 59, 10, 744679083,
1, kernel, 59, 11, 747742410,
1, kernel, 59, 12, 745153592,
1, kernel, 59, 13, 744421288,
1, kernel, 59, 14, 744215967,
1, kernel, 59, 15, 743627400,
1, kernel, 59, 16, 744567407,
1, kernel, 59, 17, 743846957,
1, kernel, 59, 18, 744419707,
1, kernel, 59, 19, 743612270,
1, kernel, 59, 20, 744091337,
1, kernel, 59, 21, 744602213,
1, kernel, 59, 22, 744027075,
1, kernel, 59, 23, 744172729,
1, kernel, 59, 24, 743853880,
1, kernel, 59, 25, 743988520,
1, kernel, 59, 26, 743979704,
1, kernel, 59, 27, 745032501,
1, kernel, 59, 28, 746501113,
1, kernel, 59, 29, 744687474,
1, kernel, 59, 30, 743963373,
1, kernel, 59, 31, 743530094,
1, kernel, 59, 32, 743588487,
1, kernel, 59, 33, 744105774,
1, kernel, 59, 34, 743594348,
1, kernel, 59, 35, 743661545,
1, kernel, 59, 36, 744176733,
1, kernel, 59, 37, 744337470,
1, kernel, 59, 38, 744259028,
1, kernel, 59, 39, 744766952,
1, kernel, 59, 40, 744493644,
1, kernel, 59, 41, 751437496,
1, kernel, 59, 42, 748395365,
1, kernel, 59, 43, 748023905,
1, kernel, 59, 44, 743898223,
1, kernel, 59, 45, 743558377,
1, kernel, 59, 46, 743866023,
1, kernel, 59, 47, 744476012,
1, kernel, 59, 48, 753524679,
1, kernel, 59, 49, 747508277,
1, kernel, 59, 50, 750046613,
1, kernel, 59, 51, 744270431,
1, kernel, 59, 52, 744151933,
1, kernel, 59, 53, 743808450,
1, kernel, 59, 54, 744396694,
1, kernel, 59, 55, 743622955,
1, kernel, 59, 56, 743923922,
1, kernel, 59, 57, 744589500,
1, kernel, 59, 58, 744887542,
1, , 59, , 500901285
1, kernel, 60, 0, 132947,
1, kernel, 60, 1, 752786688,
1, kernel, 60, 2, 744359514,
1, kernel, 60, 3, 748343935,
1, kernel, 60, 4, 748242676,
1, kernel, 60, 5, 744269572,
1, kernel, 60, 6, 744479087,
1, kernel, 60, 7, 746154624,
1, kernel, 60, 8, 744705153,
1, kernel, 60, 9, 745117290,
1, kernel, 60, 10, 744758880,
1, kernel, 60, 11, 744441189,
1, kernel, 60, 12, 744760827,
1, kernel, 60, 13, 744427041,
1, kernel, 60, 14, 743909731,
1, kernel, 60, 15, 744758313,
1, kernel, 60, 16, 744891031,
1, kernel, 60, 17, 744627332,
1, kernel, 60, 18, 743801496,
1, kernel, 60, 19, 744359085,
1, kernel, 60, 20, 745184677,
1, kernel, 60, 21, 745357061,
1, kernel, 60, 22, 744731308,
1, kernel, 60, 23, 744932708,
1, kernel, 60, 24, 744896814,
1, kernel, 60, 25, 745494008,
1, kernel, 60, 26, 745166634,
1, kernel, 60, 27, 747521785,
1, kernel, 60, 28, 755356254,
1, kernel, 60, 29, 744404076,
1, kernel, 60, 30, 744944982,
1, kernel, 60, 31, 744851932,
1, kernel, 60, 32, 745459629,
1, kernel, 60, 33, 745010798,
1, kernel, 60, 34, 745168764,
1, kernel, 60, 35, 744563390,
1, kernel, 60, 36, 745399436,
1, kernel, 60, 37, 744095103,
1, kernel, 60, 38, 744309424,
1, kernel, 60, 39, 745301475,
1, kernel, 60, 40, 745768578,
1, kernel, 60, 41, 752645971,
1, kernel, 60, 42, 746068601,
1, kernel, 60, 43, 744580772,
1, kernel, 60, 44, 749454815,
1, kernel, 60, 45, 748092023,
1, kernel, 60, 46, 746289210,
1, kernel, 60, 47, 745460183,
1, kernel, 60, 48, 746478275,
1, kernel, 60, 49, 745251162,
1, kernel, 60, 50, 745452994,
1, kernel, 60, 51, 744225915,
1, kernel, 60, 52, 745348940,
1, kernel, 60, 53, 744785456,
1, kernel, 60, 54, 745553790,
1, kernel, 60, 55, 745534650,
1, kernel, 60, 56, 752739584,
1, kernel, 60, 57, 749109661,
1, kernel, 60, 58, 748311723,
1, kernel, 60, 59, 744405510,
1, , 60, , 1303524303
1, kernel, 61, 0, 160691,
1, kernel, 61, 1, 751332891,
1, kernel, 61, 2, 746293614,
1, kernel, 61, 3, 745453019,
1, kernel, 61, 4, 745745695,
1, kernel, 61, 5, 745120401,
1, kernel, 61, 6, 745666046,
1, kernel, 61, 7, 744989111,
1, kernel, 61, 8, 745948414,
1, kernel, 61, 9, 745058850,
1, kernel, 61, 10, 753963887,
1, kernel, 61, 11, 745682148,
1, kernel, 61, 12, 745702130,
1, kernel, 61, 13, 745607006,
1, kernel, 61, 14, 745757033,
1, kernel, 61, 15, 744937363,
1, kernel, 61, 16, 763750449,
1, kernel, 61, 17, 750924110,
1, kernel, 61, 18, 745002362,
1, kernel, 61, 19, 745293227,
1, kernel, 61, 20, 744846247,
1, kernel, 61, 21, 744643341,
1, kernel, 61, 22, 745036822,
1, kernel, 61, 23, 744204725,
1, kernel, 61, 24, 744997054,
1, kernel, 61, 25, 745126171,
1, kernel, 61, 26, 745069413,
1, kernel, 61, 27, 744820787,
1, kernel, 61, 28, 745622034,
1, kernel, 61, 29, 745791525,
1, kernel, 61, 30, 745522613,
1, kernel, 61, 31, 744804946,
1, kernel, 61, 32, 744585060,
1, kernel, 61, 33, 745882735,
1, kernel, 61, 34, 746236661,
1, kernel, 61, 35, 745179725,
1, kernel, 61, 36, 745450966,
1, kernel, 61, 37, 745287666,
1, kernel, 61, 38, 745260927,
1, kernel, 61, 39, 745846025,
1, kernel, 61, 40, 745329240,
1, kernel, 61, 41, 745720658,
1, kernel, 61, 42, 744866558,
1, kernel, 61, 43, 744930979,
1, kernel, 61, 44, 744879637,
1, kernel, 61, 45, 745064505,
1, kernel, 61, 46, 746720520,
1, kernel, 61, 47, 744595998,
1, kernel, 61, 48, 744573527,
1, kernel, 61, 49, 745794351,
1, kernel, 61, 50, 744988089,
1, kernel, 61, 51, 744662247,
1, kernel, 61, 52, 745251754,
1, kernel, 61, 53, 745381523,
1, kernel, 61, 54, 745344596,
1, kernel, 61, 55, 744896647,
1, kernel, 61, 56, 745507451,
1, kernel, 61, 57, 745567936,
1, kernel, 61, 58, 744945177,
1, kernel, 61, 59, 745431651,
1, kernel, 61, 60, 745484989,
1, , 61, , 2052591963
1, kernel, 62, 0, 133588,
1, kernel, 62, 1, 752894058,
1, kernel, 62, 2, 744851476,
1, kernel, 62, 3, 744918145,
1, kernel, 62, 4, 745297771,
1, kernel, 62, 5, 744694377,
1, kernel, 62, 6, 745065370,
1, kernel, 62, 7, 745035302,
1, kernel, 62, 8, 744450065,
1, kernel, 62, 9, 744358749,
1, kernel, 62, 10, 744693301,
1, kernel, 62, 11, 745034894,
1, kernel, 62, 12, 744929964,
1, kernel, 62, 13, 745059830,
1, kernel, 62, 14, 744595390,
1, kernel, 62, 15, 744649335,
1, kernel, 62, 16, 745635583,
1, kernel, 62, 17, 745911249,
1, kernel, 62, 18, 744281500,
1, kernel, 62, 19, 744051715,
1, kernel, 62, 20, 744381119,
1, kernel, 62, 21, 744686749,
1, kernel, 62, 22, 744981459,
1, kernel, 62, 23, 744154589,
1, kernel, 62, 24, 745503591,
1, kernel, 62, 25, 744812109,
1, kernel, 62, 26, 745001268,
1, kernel, 62, 27, 746992371,
1, kernel, 62, 28, 747329576,
1, kernel, 62, 29, 745781293,
1, kernel, 62, 30, 745041034,
1, kernel, 62, 31, 747579746,
1, kernel, 62, 32, 747154079,
1, kernel, 62, 33, 745976529,
1, kernel, 62, 34, 744472947,
1, kernel, 62, 35, 744655412,
1, kernel, 62, 36, 744333643,
1, kernel, 62, 37, 745440252,
1, kernel, 62, 38, 745293225,
1, kernel, 62, 39, 745477996,
1, kernel, 62, 40, 745036713,
1, kernel, 62, 41, 744679350,
1, kernel, 62, 42, 744606074,
1, kernel, 62, 43, 744803652,
1, kernel, 62, 44, 744779853,
1, kernel, 62, 45, 745088691,
1, kernel, 62, 46, 744749543,
1, kernel, 62, 47, 745800899,
1, kernel, 62, 48, 745433732,
1, kernel, 62, 49, 745261716,
1, kernel, 62, 50, 745007352,
1, kernel, 62, 51, 744627757,
1, kernel, 62, 52, 744428088,
1, kernel, 62, 53, 745050827,
1, kernel, 62, 54, 744941308,
1, kernel, 62, 55, 745345229,
1, kernel, 62, 56, 744549240,
1, kernel, 62, 57, 745445237,
1, kernel, 62, 58, 745412651,
1, kernel, 62, 59, 745483158,
1, kernel, 62, 60, 745856641,
1, kernel, 62, 61, 745146093,
1, , 62, , -1533677542
1, kernel, 63, 0, 133116,
1, kernel, 63, 1, 751906692,
1, kernel, 63, 2, 743891881,
1, kernel, 63, 3, 744181459,
1, kernel, 63, 4, 743714666,
1, kernel, 63, 5, 744961280,
1, kernel, 63, 6, 743796469,
1, kernel, 63, 7, 743951002,
1, kernel, 63, 8, 744050650,
1, kernel, 63, 9, 743685521,
1, kernel, 63, 10, 744474548,
1, kernel, 63, 11, 744011130,
1, kernel, 63, 12, 743592284,
1, kernel, 63, 13, 743872623,
1, kernel, 63, 14, 743701730,
1, kernel, 63, 15, 744031883,
1, kernel, 63, 16, 743926400,
1, kernel, 63, 17, 743662542,
1, kernel, 63, 18, 744562556,
1, kernel, 63, 19, 743724477,
1, kernel, 63, 20, 744516489,
1, kernel, 63, 21, 743990265,
1, kernel, 63, 22, 743652967,
1, kernel, 63, 23, 743871812,
1, kernel, 63, 24, 743957930,
1, kernel, 63, 25, 743637313,
1, kernel, 63, 26, 744040631,
1, kernel, 63, 27, 743645254,
1, kernel, 63, 28, 744099246,
1, kernel, 63, 29, 744397508,
1, kernel, 63, 30, 744296803,
1, kernel, 63, 31, 743316594,
1, kernel, 63, 32, 744516717,
1, kernel, 63, 33, 743794078,
1, kernel, 63, 34, 743936665,
1, kernel, 63, 35, 744208879,
1, kernel, 63, 36, 744361992,
1, kernel, 63, 37, 743608637,
1, kernel, 63, 38, 743915620,
1, kernel, 63, 39, 743934488,
1, kernel, 63, 40, 744508504,
1, kernel, 63, 41, 743874094,
1, kernel, 63, 42, 744111737,
1, kernel, 63, 43, 743695988,
1, kernel, 63, 44, 744165903,
1, kernel, 63, 45, 743848063,
1, kernel, 63, 46, 744490162,
1, kernel, 63, 47, 743477557,
1, kernel, 63, 48, 743781483,
1, kernel, 63, 49, 743953858,
1, kernel, 63, 50, 743884418,
1, kernel, 63, 51, 744592130,
1, kernel, 63, 52, 744072016,
1, kernel, 63, 53, 744002030,
1, kernel, 63, 54, 743983581,
1, kernel, 63, 55, 744132188,
1, kernel, 63, 56, 744392792,
1, kernel, 63, 57, 743665264,
1, kernel, 63, 58, 743823050,
1, kernel, 63, 59, 743771496,
1, kernel, 63, 60, 744103230,
1, kernel, 63, 61, 744337826,
1, kernel, 63, 62, 744714154,
1, , 63, , -854601622
1, kernel, 64, 0, 134129,
1, kernel, 64, 1, 751500542,
1, kernel, 64, 2, 745582769,
1, kernel, 64, 3, 745226473,
1, kernel, 64, 4, 744838526,
1, kernel, 64, 5, 744956942,
1, kernel, 64, 6, 747512937,
1, kernel, 64, 7, 746228778,
1, kernel, 64, 8, 744441125,
1, kernel, 64, 9, 744426098,
1, kernel, 64, 10, 745364465,
1, kernel, 64, 11, 744462931,
1, kernel, 64, 12, 744726317,
1, kernel, 64, 13, 744081953,
1, kernel, 64, 14, 745348522,
1, kernel, 64, 15, 744272024,
1, kernel, 64, 16, 745740037,
1, kernel, 64, 17, 744264535,
1, kernel, 64, 18, 745063418,
1, kernel, 64, 19, 744772290,
1, kernel, 64, 20, 744490675,
1, kernel, 64, 21, 744567734,
1, kernel, 64, 22, 745581424,
1, kernel, 64, 23, 744965595,
1, kernel, 64, 24, 744513825,
1, kernel, 64, 25, 745597915,
1, kernel, 64, 26, 746073654,
1, kernel, 64, 27, 745530426,
1, kernel, 64, 28, 745454386,
1, kernel, 64, 29, 745280918,
1, kernel, 64, 30, 745661082,
1, kernel, 64, 31, 745596575,
1, kernel, 64, 32, 745541197,
1, kernel, 64, 33, 745102726,
1, kernel, 64, 34, 745591200,
1, kernel, 64, 35, 744872092,
1, kernel, 64, 36, 745204934,
1, kernel, 64, 37, 744527746,
1, kernel, 64, 38, 745192723,
1, kernel, 64, 39, 744303382,
1, kernel, 64, 40, 744664057,
1, kernel, 64, 41, 744500972,
1, kernel, 64, 42, 745498804,
1, kernel, 64, 43, 745175683,
1, kernel, 64, 44, 744304406,
1, kernel, 64, 45, 744610252,
1, kernel, 64, 46, 745312388,
1, kernel, 64, 47, 745111210,
1, kernel, 64, 48, 744652993,
1, kernel, 64, 49, 744573583,
1, kernel, 64, 50, 745281814,
1, kernel, 64, 51, 744493005,
1, kernel, 64, 52, 744712674,
1, kernel, 64, 53, 749575196,
1, kernel, 64, 54, 747442463,
1, kernel, 64, 55, 744743603,
1, kernel, 64, 56, 744568099,
1, kernel, 64, 57, 744572960,
1, kernel, 64, 58, 746249072,
1, kernel, 64, 59, 745263564,
1, kernel, 64, 60, 744399057,
1, kernel, 64, 61, 744111240,
1, kernel, 64, 62, 746398128,
1, kernel, 64, 63, 745900639,
1, , 64, , -32987747
1, kernel, 65, 0, 179803,
1, kernel, 65, 1, 754574753,
1, kernel, 65, 2, 744683846,
1, kernel, 65, 3, 744484736,
1, kernel, 65, 4, 743339627,
1, kernel, 65, 5, 743567848,
1, kernel, 65, 6, 744720179,
1, kernel, 65, 7, 745140964,
1, kernel, 65, 8, 743994037,
1, kernel, 65, 9, 743474414,
1, kernel, 65, 10, 744151043,
1, kernel, 65, 11, 744449746,
1, kernel, 65, 12, 743938198,
1, kernel, 65, 13, 744401306,
1, kernel, 65, 14, 743852701,
1, kernel, 65, 15, 744211416,
1, kernel, 65, 16, 743601455,
1, kernel, 65, 17, 743691573,
1, kernel, 65, 18, 743510329,
1, kernel, 65, 19, 743489039,
1, kernel, 65, 20, 744409076,
1, kernel, 65, 21, 743628753,
1, kernel, 65, 22, 744033862,
1, kernel, 65, 23, 744737408,
1, kernel, 65, 24, 743844040,
1, kernel, 65, 25, 743982823,
1, kernel, 65, 26, 743264638,
1, kernel, 65, 27, 743919106,
1, kernel, 65, 28, 744162849,
1, kernel, 65, 29, 743309805,
1, kernel, 65, 30, 744067445,
1, kernel, 65, 31, 743571747,
1, kernel, 65, 32, 743734840,
1, kernel, 65, 33, 743899584,
1, kernel, 65, 34, 743992788,
1, kernel, 65, 35, 743828568,
1, kernel, 65, 36, 743920971,
1, kernel, 65, 37, 743799887,
1, kernel, 65, 38, 744102267,
1, kernel, 65, 39, 745044066,
1, kernel, 65, 40, 744103424,
1, kernel, 65, 41, 743414231,
1, kernel, 65, 42, 743737022,
1, kernel, 65, 43, 745301901,
1, kernel, 65, 44, 746020853,
1, kernel, 65, 45, 743874720,
1, kernel, 65, 46, 743617512,
1, kernel, 65, 47, 743995131,
1, kernel, 65, 48, 743936319,
1, kernel, 65, 49, 743640834,
1, kernel, 65, 50, 744869361,
1, kernel, 65, 51, 744167664,
1, kernel, 65, 52, 744437487,
1, kernel, 65, 53, 743762220,
1, kernel, 65, 54, 743617096,
1, kernel, 65, 55, 743897027,
1, kernel, 65, 56, 744079596,
1, kernel, 65, 57, 743929053,
1, kernel, 65, 58, 743726249,
1, kernel, 65, 59, 743837786,
1, kernel, 65, 60, 744305162,
1, kernel, 65, 61, 744621610,
1, kernel, 65, 62, 744256746,
1, kernel, 65, 63, 743709577,
1, kernel, 65, 64, 744878793,
1, , 65, , 647950924
1, kernel, 66, 0, 135695,
1, kernel, 66, 1, 751705729,
1, kernel, 66, 2, 744478028,
1, kernel, 66, 3, 744701668,
1, kernel, 66, 4, 744783153,
1, kernel, 66, 5, 745545809,
1, kernel, 66, 6, 744906521,
1, kernel, 66, 7, 745864161,
1, kernel, 66, 8, 744412206,
1, kernel, 66, 9, 744200002,
1, kernel, 66, 10, 745304563,
1, kernel, 66, 11, 744996578,
1, kernel, 66, 12, 744551638,
1, kernel, 66, 13, 744685951,
1, kernel, 66, 14, 744338194,
1, kernel, 66, 15, 744367174,
1, kernel, 66, 16, 744126024,
1, kernel, 66, 17, 744202131,
1, kernel, 66, 18, 744786713,
1, kernel, 66, 19, 744069361,
1, kernel, 66, 20, 744810519,
1, kernel, 66, 21, 744573631,
1, kernel, 66, 22, 745075676,
1, kernel, 66, 23, 745429127,
1, kernel, 66, 24, 745262452,
1, kernel, 66, 25, 745549733,
1, kernel, 66, 26, 744911005,
1, kernel, 66, 27, 745640390,
1, kernel, 66, 28, 746601847,
1, kernel, 66, 29, 745165834,
1, kernel, 66, 30, 745523274,
1, kernel, 66, 31, 745038667,
1, kernel, 66, 32, 745044111,
1, kernel, 66, 33, 745066510,
1, kernel, 66, 34, 744368254,
1, kernel, 66, 35, 744906425,
1, kernel, 66, 36, 744600442,
1, kernel, 66, 37, 745004440,
1, kernel, 66, 38, 745542893,
1, kernel, 66, 39, 745791712,
1, kernel, 66, 40, 744945988,
1, kernel, 66, 41, 744583555,
1, kernel, 66, 42, 746239296,
1, kernel, 66, 43, 745137471,
1, kernel, 66, 44, 745270539,
1, kernel, 66, 45, 744321858,
1, kernel, 66, 46, 744110133,
1, kernel, 66, 47, 745432684,
1, kernel, 66, 48, 745152918,
1, kernel, 66, 49, 744462352,
1, kernel, 66, 50, 748089833,
1, kernel, 66, 51, 744970748,
1, kernel, 66, 52, 744459003,
1, kernel, 66, 53, 744497555,
1, kernel, 66, 54, 745160022,
1, kernel, 66, 55, 745515545,
1, kernel, 66, 56, 745367524,
1, kernel, 66, 57, 744293879,
1, kernel, 66, 58, 745287236,
1, kernel, 66, 59, 744624988,
1, kernel, 66, 60, 745335804,
1, kernel, 66, 61, 744973355,
1, kernel, 66, 62, 744889925,
1, kernel, 66, 63, 746043614,
1, kernel, 66, 64, 745616971,
1, kernel, 66, 65, 745726060,
1, , 66, , 1455683340
1, kernel, 67, 0, 134026,
1, kernel, 67, 1, 754930997,
1, kernel, 67, 2, 746569414,
1, kernel, 67, 3, 746649528,
1, kernel, 67, 4, 745433729,
1, kernel, 67, 5, 746079783,
1, kernel, 67, 6, 746420710,
1, kernel, 67, 7, 745633478,
1, kernel, 67, 8, 745456773,
1, kernel, 67, 9, 746732310,
1, kernel, 67, 10, 747118354,
1, kernel, 67, 11, 749088391,
1, kernel, 67, 12, 745435890,
1, kernel, 67, 13, 746504642,
1, kernel, 67, 14, 746427199,
1, kernel, 67, 15, 745161623,
1, kernel, 67, 16, 747843006,
1, kernel, 67, 17, 746382828,
1, kernel, 67, 18, 745957178,
1, kernel, 67, 19, 745169152,
1, kernel, 67, 20, 747390539,
1, kernel, 67, 21, 745382817,
1, kernel, 67, 22, 746266790,
1, kernel, 67, 23, 744575962,
1, kernel, 67, 24, 745491467,
1, kernel, 67, 25, 745634305,
1, kernel, 67, 26, 746255982,
1, kernel, 67, 27, 745499997,
1, kernel, 67, 28, 744722617,
1, kernel, 67, 29, 744671947,
1, kernel, 67, 30, 745870427,
1, kernel, 67, 31, 744492236,
1, kernel, 67, 32, 745251852,
1, kernel, 67, 33, 748443345,
1, kernel, 67, 34, 745699548,
1, kernel, 67, 35, 745093238,
1, kernel, 67, 36, 744460974,
1, kernel, 67, 37, 745988772,
1, kernel, 67, 38, 746029896,
1, kernel, 67, 39, 744646342,
1, kernel, 67, 40, 745810884,
1, kernel, 67, 41, 745380367,
1, kernel, 67, 42, 746111674,
1, kernel, 67, 43, 745969820,
1, kernel, 67, 44, 745629511,
1, kernel, 67, 45, 746111802,
1, kernel, 67, 46, 745131782,
1, kernel, 67, 47, 744966819,
1, kernel, 67, 48, 746116699,
1, kernel, 67, 49, 745724362,
1, kernel, 67, 50, 746030514,
1, kernel, 67, 51, 744670400,
1, kernel, 67, 52, 745865374,
1, kernel, 67, 53, 745989017,
1, kernel, 67, 54, 746109998,
1, kernel, 67, 55, 744714115,
1, kernel, 67, 56, 745187304,
1, kernel, 67, 57, 745982638,
1, kernel, 67, 58, 745792545,
1, kernel, 67, 59, 745698377,
1, kernel, 67, 60, 745985622,
1, kernel, 67, 61, 745970019,
1, kernel, 67, 62, 747054962,
1, kernel, 67, 63, 745097591,
1, kernel, 67, 64, 746229180,
1, kernel, 67, 65, 746399995,
1, kernel, 67, 66, 746243427,
1, , 67, , -2032041632
1, kernel, 68, 0, 133984,
1, kernel, 68, 1, 754400423,
1, kernel, 68, 2, 744844854,
1, kernel, 68, 3, 744692269,
1, kernel, 68, 4, 746204611,
1, kernel, 68, 5, 745396027,
1, kernel, 68, 6, 744549479,
1, kernel, 68, 7, 745681615,
1, kernel, 68, 8, 745082115,
1, kernel, 68, 9, 750629460,
1, kernel, 68, 10, 745325464,
1, kernel, 68, 11, 744759401,
1, kernel, 68, 12, 746839661,
1, kernel, 68, 13, 745795262,
1, kernel, 68, 14, 744890471,
1, kernel, 68, 15, 745105758,
1, kernel, 68, 16, 745562976,
1, kernel, 68, 17, 746143827,
1, kernel, 68, 18, 744410937,
1, kernel, 68, 19, 746692513,
1, kernel, 68, 20, 745464471,
1, kernel, 68, 21, 744573510,
1, kernel, 68, 22, 745089311,
1, kernel, 68, 23, 745292434,
1, kernel, 68, 24, 745575643,
1, kernel, 68, 25, 744499360,
1, kernel, 68, 26, 745254484,
1, kernel, 68, 27, 744030583,
1, kernel, 68, 28, 745796187,
1, kernel, 68, 29, 744002587,
1, kernel, 68, 30, 747959803,
1, kernel, 68, 31, 745376871,
1, kernel, 68, 32, 745556182,
1, kernel, 68, 33, 744793183,
1, kernel, 68, 34, 744537814,
1, kernel, 68, 35, 744688190,
1, kernel, 68, 36, 745718565,
1, kernel, 68, 37, 744268205,
1, kernel, 68, 38, 749001958,
1, kernel, 68, 39, 744453333,
1, kernel, 68, 40, 745264451,
1, kernel, 68, 41, 744674101,
1, kernel, 68, 42, 744165400,
1, kernel, 68, 43, 744245147,
1, kernel, 68, 44, 744942911,
1, kernel, 68, 45, 744361882,
1, kernel, 68, 46, 744453075,
1, kernel, 68, 47, 745824775,
1, kernel, 68, 48, 744537311,
1, kernel, 68, 49, 744478680,
1, kernel, 68, 50, 745008496,
1, kernel, 68, 51, 747431414,
1, kernel, 68, 52, 746950876,
1, kernel, 68, 53, 744764071,
1, kernel, 68, 54, 745572519,
1, kernel, 68, 55, 744419256,
1, kernel, 68, 56, 745741208,
1, kernel, 68, 57, 744356074,
1, kernel, 68, 58, 745673759,
1, kernel, 68, 59, 744862329,
1, kernel, 68, 60, 745185661,
1, kernel, 68, 61, 744151244,
1, kernel, 68, 62, 745499761,
1, kernel, 68, 63, 745194440,
1, kernel, 68, 64, 744969358,
1, kernel, 68, 65, 744577585,
1, kernel, 68, 66, 748729809,
1, kernel, 68, 67, 744563929,
1, , 68, , -1317341818
1, kernel, 69, 0, 135569,
1, kernel, 69, 1, 751115696,
1, kernel, 69, 2, 743948551,
1, kernel, 69, 3, 744143747,
1, kernel, 69, 4, 743860557,
1, kernel, 69, 5, 744789527,
1, kernel, 69, 6, 743494732,
1, kernel, 69, 7, 744482898,
1, kernel, 69, 8, 744208558,
1, kernel, 69, 9, 744924399,
1, kernel, 69, 10, 744671525,
1, kernel, 69, 11, 744131126,
1, kernel, 69, 12, 743937631,
1, kernel, 69, 13, 744926772,
1, kernel, 69, 14, 744637939,
1, kernel, 69, 15, 744267230,
1, kernel, 69, 16, 745296263,
1, kernel, 69, 17, 744803790,
1, kernel, 69, 18, 743981400,
1, kernel, 69, 19, 744377463,
1, kernel, 69, 20, 744926671,
1, kernel, 69, 21, 744474401,
1, kernel, 69, 22, 744228250,
1, kernel, 69, 23, 744076447,
1, kernel, 69, 24, 744770559,
1, kernel, 69, 25, 745083985,
1, kernel, 69, 26, 743921658,
1, kernel, 69, 27, 744455870,
1, kernel, 69, 28, 744335551,
1, kernel, 69, 29, 743973260,
1, kernel, 69, 30, 743898970,
1, kernel, 69, 31, 744236207,
1, kernel, 69, 32, 746794505,
1, kernel, 69, 33, 744994558,
1, kernel, 69, 34, 744096335,
1, kernel, 69, 35, 744083027,
1, kernel, 69, 36, 745116904,
1, kernel, 69, 37, 744375201,
1, kernel, 69, 38, 743990358,
1, kernel, 69, 39, 744137886,
1, kernel, 69, 40, 744602609,
1, kernel, 69, 41, 744933435,
1, kernel, 69, 42, 743679953,
1, kernel, 69, 43, 744114735,
1, kernel, 69, 44, 744252338,
1, kernel, 69, 45, 745454390,
1, kernel, 69, 46, 744039974,
1, kernel, 69, 47, 744877128,
1, kernel, 69, 48, 744178233,
1, kernel, 69, 49, 744698767,
1, kernel, 69, 50, 744182271,
1, kernel, 69, 51, 744405934,
1, kernel, 69, 52, 744719210,
1, kernel, 69, 53, 744052264,
1, kernel, 69, 54, 743785776,
1, kernel, 69, 55, 744848466,
1, kernel, 69, 56, 745202858,
1, kernel, 69, 57, 744619676,
1, kernel, 69, 58, 743700314,
1, kernel, 69, 59, 743763783,
1, kernel, 69, 60, 743770497,
1, kernel, 69, 61, 744230394,
1, kernel, 69, 62, 743686823,
1, kernel, 69, 63, 744480427,
1, kernel, 69, 64, 744051658,
1, kernel, 69, 65, 744080862,
1, kernel, 69, 66, 745383321,
1, kernel, 69, 67, 747126164,
1, kernel, 69, 68, 746070624,
1, , 69, , -630777524
1, kernel, 70, 0, 132733,
1, kernel, 70, 1, 755441850,
1, kernel, 70, 2, 745311490,
1, kernel, 70, 3, 745044551,
1, kernel, 70, 4, 745108825,
1, kernel, 70, 5, 745457926,
1, kernel, 70, 6, 744950851,
1, kernel, 70, 7, 745078176,
1, kernel, 70, 8, 744869428,
1, kernel, 70, 9, 745983667,
1, kernel, 70, 10, 745539847,
1, kernel, 70, 11, 745122436,
1, kernel, 70, 12, 745233354,
1, kernel, 70, 13, 746293959,
1, kernel, 70, 14, 745812119,
1, kernel, 70, 15, 745215220,
1, kernel, 70, 16, 744853958,
1, kernel, 70, 17, 747697551,
1, kernel, 70, 18, 746149253,
1, kernel, 70, 19, 746502799,
1, kernel, 70, 20, 744690466,
1, kernel, 70, 21, 745722651,
1, kernel, 70, 22, 744468872,
1, kernel, 70, 23, 745111230,
1, kernel, 70, 24, 745642465,
1, kernel, 70, 25, 746023194,
1, kernel, 70, 26, 745168343,
1, kernel, 70, 27, 745177785,
1, kernel, 70, 28, 744221088,
1, kernel, 70, 29, 745595264,
1, kernel, 70, 30, 745172585,
1, kernel, 70, 31, 745591644,
1, kernel, 70, 32, 745917094,
1, kernel, 70, 33, 745738506,
1, kernel, 70, 34, 746775147,
1, kernel, 70, 35, 746357076,
1, kernel, 70, 36, 753128892,
1, kernel, 70, 37, 749364196,
1, kernel, 70, 38, 745329951,
1, kernel, 70, 39, 754306605,
1, kernel, 70, 40, 754183606,
1, kernel, 70, 41, 744849561,
1, kernel, 70, 42, 745385420,
1, kernel, 70, 43, 745831400,
1, kernel, 70, 44, 745839200,
1, kernel, 70, 45, 745779775,
1, kernel, 70, 46, 745682070,
1, kernel, 70, 47, 745314362,
1, kernel, 70, 48, 745342602,
1, kernel, 70, 49, 745433606,
1, kernel, 70, 50, 744614980,
1, kernel, 70, 51, 745674036,
1, kernel, 70, 52, 745531856,
1, kernel, 70, 53, 748368609,
1, kernel, 70, 54, 749331157,
1, kernel, 70, 55, 747101061,
1, kernel, 70, 56, 746756096,
1, kernel, 70, 57, 746277686,
1, kernel, 70, 58, 745734111,
1, kernel, 70, 59, 745950627,
1, kernel, 70, 60, 745588104,
1, kernel, 70, 61, 746227170,
1, kernel, 70, 62, 745360718,
1, kernel, 70, 63, 745556563,
1, kernel, 70, 64, 746018124,
1, kernel, 70, 65, 748769099,
1, kernel, 70, 66, 745936162,
1, kernel, 70, 67, 745353877,
1, kernel, 70, 68, 745288366,
1, kernel, 70, 69, 746351232,
1, , 70, , 237015695
1, kernel, 71, 0, 133086,
1, kernel, 71, 1, 752008073,
1, kernel, 71, 2, 745722228,
1, kernel, 71, 3, 747649437,
1, kernel, 71, 4, 745699224,
1, kernel, 71, 5, 745169650,
1, kernel, 71, 6, 744661112,
1, kernel, 71, 7, 745391949,
1, kernel, 71, 8, 745917322,
1, kernel, 71, 9, 745444223,
1, kernel, 71, 10, 746012571,
1, kernel, 71, 11, 745612889,
1, kernel, 71, 12, 746128977,
1, kernel, 71, 13, 744872188,
1, kernel, 71, 14, 746171146,
1, kernel, 71, 15, 746212486,
1, kernel, 71, 16, 745173251,
1, kernel, 71, 17, 744896809,
1, kernel, 71, 18, 746398477,
1, kernel, 71, 19, 745724383,
1, kernel, 71, 20, 745641626,
1, kernel, 71, 21, 745078025,
1, kernel, 71, 22, 746197982,
1, kernel, 71, 23, 745708624,
1, kernel, 71, 24, 746446179,
1, kernel, 71, 25, 746094150,
1, kernel, 71, 26, 745610844,
1, kernel, 71, 27, 745241090,
1, kernel, 71, 28, 745410493,
1, kernel, 71, 29, 745616717,
1, kernel, 71, 30, 745517461,
1, kernel, 71, 31, 745083115,
1, kernel, 71, 32, 746906374,
1, kernel, 71, 33, 744440085,
1, kernel, 71, 34, 746007896,
1, kernel, 71, 35, 745407681,
1, kernel, 71, 36, 746341087,
1, kernel, 71, 37, 745373544,
1, kernel, 71, 38, 744799619,
1, kernel, 71, 39, 744745499,
1, kernel, 71, 40, 746119496,
1, kernel, 71, 41, 745316937,
1, kernel, 71, 42, 745412373,
1, kernel, 71, 43, 745043593,
1, kernel, 71, 44, 746224611,
1, kernel, 71, 45, 753598386,
1, kernel, 71, 46, 745787746,
1, kernel, 71, 47, 746817582,
1, kernel, 71, 48, 746060328,
1, kernel, 71, 49, 750114166,
1, kernel, 71, 50, 747373640,
1, kernel, 71, 51, 745937534,
1, kernel, 71, 52, 745661053,
1, kernel, 71, 53, 745271957,
1, kernel, 71, 54, 745725551,
1, kernel, 71, 55, 746086890,
1, kernel, 71, 56, 745700961,
1, kernel, 71, 57, 745530135,
1, kernel, 71, 58, 745845648,
1, kernel, 71, 59, 745917239,
1, kernel, 71, 60, 746075834,
1, kernel, 71, 61, 746707519,
1, kernel, 71, 62, 745324647,
1, kernel, 71, 63, 745295650,
1, kernel, 71, 64, 745411580,
1, kernel, 71, 65, 746027933,
1, kernel, 71, 66, 745521957,
1, kernel, 71, 67, 747797567,
1, kernel, 71, 68, 746035111,
1, kernel, 71, 69, 744533558,
1, kernel, 71, 70, 746658034,
1, , 71, , 968945368
1, kernel, 72, 0, 179573,
1, kernel, 72, 1, 751509675,
1, kernel, 72, 2, 745885028,
1, kernel, 72, 3, 745221525,
1, kernel, 72, 4, 745220248,
1, kernel, 72, 5, 745079913,
1, kernel, 72, 6, 745338441,
1, kernel, 72, 7, 745429449,
1, kernel, 72, 8, 744559503,
1, kernel, 72, 9, 744593587,
1, kernel, 72, 10, 745211962,
1, kernel, 72, 11, 745232280,
1, kernel, 72, 12, 747545052,
1, kernel, 72, 13, 746584716,
1, kernel, 72, 14, 745255689,
1, kernel, 72, 15, 744873027,
1, kernel, 72, 16, 744582614,
1, kernel, 72, 17, 745692061,
1, kernel, 72, 18, 745875628,
1, kernel, 72, 19, 745460199,
1, kernel, 72, 20, 745250460,
1, kernel, 72, 21, 744525026,
1, kernel, 72, 22, 745623827,
1, kernel, 72, 23, 744881705,
1, kernel, 72, 24, 745592920,
1, kernel, 72, 25, 745146929,
1, kernel, 72, 26, 745707283,
1, kernel, 72, 27, 745289907,
1, kernel, 72, 28, 745157944,
1, kernel, 72, 29, 745196083,
1, kernel, 72, 30, 746264627,
1, kernel, 72, 31, 744955130,
1, kernel, 72, 32, 745347966,
1, kernel, 72, 33, 745466547,
1, kernel, 72, 34, 746420699,
1, kernel, 72, 35, 745039887,
1, kernel, 72, 36, 746516986,
1, kernel, 72, 37, 748674059,
1, kernel, 72, 38, 750717947,
1, kernel, 72, 39, 748556244,
1, kernel, 72, 40, 746376885,
1, kernel, 72, 41, 744331323,
1, kernel, 72, 42, 744903520,
1, kernel, 72, 43, 745184395,
1, kernel, 72, 44, 744506473,
1, kernel, 72, 45, 745732711,
1, kernel, 72, 46, 746374326,
1, kernel, 72, 47, 744853748,
1, kernel, 72, 48, 744596291,
1, kernel, 72, 49, 758758585,
1, kernel, 72, 50, 791244908,
1, kernel, 72, 51, 818884727,
1, kernel, 72, 52, 831861874,
1, kernel, 72, 53, 831152831,
1, kernel, 72, 54, 827961056,
1, kernel, 72, 55, 845484068,
1, kernel, 72, 56, 745122649,
1, kernel, 72, 57, 744535814,
1, kernel, 72, 58, 745104174,
1, kernel, 72, 59, 745830216,
1, kernel, 72, 60, 747066876,
1, kernel, 72, 61, 745352742,
1, kernel, 72, 62, 746126174,
1, kernel, 72, 63, 744982777,
1, kernel, 72, 64, 745201451,
1, kernel, 72, 65, 749764538,
1, kernel, 72, 66, 745433470,
1, kernel, 72, 67, 744847777,
1, kernel, 72, 68, 745166070,
1, kernel, 72, 69, 745015040,
1, kernel, 72, 70, 745197912,
1, kernel, 72, 71, 745299570,
1, , 72, , -2108104329
1, kernel, 73, 0, 145718,
1, kernel, 73, 1, 754396374,
1, kernel, 73, 2, 745543987,
1, kernel, 73, 3, 744895378,
1, kernel, 73, 4, 745502327,
1, kernel, 73, 5, 744648377,
1, kernel, 73, 6, 744883158,
1, kernel, 73, 7, 744725362,
1, kernel, 73, 8, 747597430,
1, kernel, 73, 9, 746232192,
1, kernel, 73, 10, 744804339,
1, kernel, 73, 11, 745411873,
1, kernel, 73, 12, 744433258,
1, kernel, 73, 13, 744502564,
1, kernel, 73, 14, 745218440,
1, kernel, 73, 15, 745174569,
1, kernel, 73, 16, 745183432,
1, kernel, 73, 17, 747436198,
1, kernel, 73, 18, 746092013,
1, kernel, 73, 19, 745673744,
1, kernel, 73, 20, 745899108,
1, kernel, 73, 21, 744635696,
1, kernel, 73, 22, 757240864,
1, kernel, 73, 23, 827473006,
1, kernel, 73, 24, 827292221,
1, kernel, 73, 25, 827467824,
1, kernel, 73, 26, 827292775,
1, kernel, 73, 27, 764999218,
1, kernel, 73, 28, 745414374,
1, kernel, 73, 29, 745131763,
1, kernel, 73, 30, 745205748,
1, kernel, 73, 31, 744854790,
1, kernel, 73, 32, 744640206,
1, kernel, 73, 33, 745465184,
1, kernel, 73, 34, 749889259,
1, kernel, 73, 35, 762713938,
1, kernel, 73, 36, 769622359,
1, kernel, 73, 37, 776715055,
1, kernel, 73, 38, 827697365,
1, kernel, 73, 39, 827845153,
1, kernel, 73, 40, 828937729,
1, kernel, 73, 41, 827654919,
1, kernel, 73, 42, 797569460,
1, kernel, 73, 43, 745110488,
1, kernel, 73, 44, 744858875,
1, kernel, 73, 45, 744685278,
1, kernel, 73, 46, 745459917,
1, kernel, 73, 47, 744974999,
1, kernel, 73, 48, 751855321,
1, kernel, 73, 49, 745261003,
1, kernel, 73, 50, 746571681,
1, kernel, 73, 51, 745808332,
1, kernel, 73, 52, 746100746,
1, kernel, 73, 53, 745767134,
1, kernel, 73, 54, 746103136,
1, kernel, 73, 55, 745418007,
1, kernel, 73, 56, 745036215,
1, kernel, 73, 57, 745283791,
1, kernel, 73, 58, 746994472,
1, kernel, 73, 59, 750895009,
1, kernel, 73, 60, 745386913,
1, kernel, 73, 61, 745991245,
1, kernel, 73, 62, 745895771,
1, kernel, 73, 63, 745510221,
1, kernel, 73, 64, 744559464,
1, kernel, 73, 65, 744744141,
1, kernel, 73, 66, 746202939,
1, kernel, 73, 67, 745273623,
1, kernel, 73, 68, 744791723,
1, kernel, 73, 69, 745154085,
1, kernel, 73, 70, 745438121,
1, kernel, 73, 71, 745258485,
1, kernel, 73, 72, 744860935,
1, , 73, , -1025154095
1, kernel, 74, 0, 182622,
1, kernel, 74, 1, 750359962,
1, kernel, 74, 2, 745347652,
1, kernel, 74, 3, 743990714,
1, kernel, 74, 4, 743998776,
1, kernel, 74, 5, 743393868,
1, kernel, 74, 6, 744300382,
1, kernel, 74, 7, 744052941,
1, kernel, 74, 8, 744144106,
1, kernel, 74, 9, 744217802,
1, kernel, 74, 10, 744135822,
1, kernel, 74, 11, 744335733,
1, kernel, 74, 12, 743719281,
1, kernel, 74, 13, 744981739,
1, kernel, 74, 14, 744060858,
1, kernel, 74, 15, 744314529,
1, kernel, 74, 16, 743702171,
1, kernel, 74, 17, 744540218,
1, kernel, 74, 18, 743933992,
1, kernel, 74, 19, 744476549,
1, kernel, 74, 20, 750097579,
1, kernel, 74, 21, 744578533,
1, kernel, 74, 22, 750435500,
1, kernel, 74, 23, 744145969,
1, kernel, 74, 24, 745031826,
1, kernel, 74, 25, 743945145,
1, kernel, 74, 26, 743692412,
1, kernel, 74, 27, 744642659,
1, kernel, 74, 28, 743759762,
1, kernel, 74, 29, 744471657,
1, kernel, 74, 30, 744754437,
1, kernel, 74, 31, 743986203,
1, kernel, 74, 32, 749690608,
1, kernel, 74, 33, 745128744,
1, kernel, 74, 34, 745667896,
1, kernel, 74, 35, 743982822,
1, kernel, 74, 36, 746401015,
1, kernel, 74, 37, 745583900,
1, kernel, 74, 38, 744521336,
1, kernel, 74, 39, 744854600,
1, kernel, 74, 40, 744278370,
1, kernel, 74, 41, 746079755,
1, kernel, 74, 42, 744500144,
1, kernel, 74, 43, 744154806,
1, kernel, 74, 44, 744026304,
1, kernel, 74, 45, 744652900,
1, kernel, 74, 46, 743997261,
1, kernel, 74, 47, 744305627,
1, kernel, 74, 48, 744740157,
1, kernel, 74, 49, 744507193,
1, kernel, 74, 50, 744474538,
1, kernel, 74, 51, 743888610,
1, kernel, 74, 52, 744073819,
1, kernel, 74, 53, 744688975,
1, kernel, 74, 54, 744002353,
1, kernel, 74, 55, 744557102,
1, kernel, 74, 56, 744297209,
1, kernel, 74, 57, 744301189,
1, kernel, 74, 58, 744272391,
1, kernel, 74, 59, 744135105,
1, kernel, 74, 60, 744095486,
1, kernel, 74, 61, 745377367,
1, kernel, 74, 62, 750451970,
1, kernel, 74, 63, 744514876,
1, kernel, 74, 64, 744179026,
1, kernel, 74, 65, 745220973,
1, kernel, 74, 66, 745258959,
1, kernel, 74, 67, 745498363,
1, kernel, 74, 68, 744529833,
1, kernel, 74, 69, 745501485,
1, kernel, 74, 70, 745556650,
1, kernel, 74, 71, 753196107,
1, kernel, 74, 72, 744201265,
1, kernel, 74, 73, 745190302,
1, , 74, , -1147181970
1, kernel, 75, 0, 133213,
1, kernel, 75, 1, 751235781,
1, kernel, 75, 2, 744779406,
1, kernel, 75, 3, 746485050,
1, kernel, 75, 4, 751022819,
1, kernel, 75, 5, 753453299,
1, kernel, 75, 6, 747444902,
1, kernel, 75, 7, 747463704,
1, kernel, 75, 8, 749847179,
1, kernel, 75, 9, 745084361,
1, kernel, 75, 10, 744651993,
1, kernel, 75, 11, 743991795,
1, kernel, 75, 12, 744014035,
1, kernel, 75, 13, 744317614,
1, kernel, 75, 14, 743421004,
1, kernel, 75, 15, 744196345,
1, kernel, 75, 16, 745989603,
1, kernel, 75, 17, 744071420,
1, kernel, 75, 18, 744043698,
1, kernel, 75, 19, 744029675,
1, kernel, 75, 20, 744613633,
1, kernel, 75, 21, 744537154,
1, kernel, 75, 22, 744264710,
1, kernel, 75, 23, 743883938,
1, kernel, 75, 24, 744441333,
1, kernel, 75, 25, 745019659,
1, kernel, 75, 26, 751450950,
1, kernel, 75, 27, 744172803,
1, kernel, 75, 28, 744118876,
1, kernel, 75, 29, 744759462,
1, kernel, 75, 30, 744647324,
1, kernel, 75, 31, 744404522,
1, kernel, 75, 32, 748751006,
1, kernel, 75, 33, 748649207,
1, kernel, 75, 34, 744783279,
1, kernel, 75, 35, 745046289,
1, kernel, 75, 36, 749322167,
1, kernel, 75, 37, 744445483,
1, kernel, 75, 38, 747198575,
1, kernel, 75, 39, 744440739,
1, kernel, 75, 40, 745096970,
1, kernel, 75, 41, 744362003,
1, kernel, 75, 42, 744164325,
1, kernel, 75, 43, 744429158,
1, kernel, 75, 44, 746722125,
1, kernel, 75, 45, 744766180,
1, kernel, 75, 46, 744271637,
1, kernel, 75, 47, 743937634,
1, kernel, 75, 48, 744568440,
1, kernel, 75, 49, 744974128,
1, kernel, 75, 50, 743897997,
1, kernel, 75, 51, 743968264,
1, kernel, 75, 52, 744087887,
1, kernel, 75, 53, 743921362,
1, kernel, 75, 54, 744040944,
1, kernel, 75, 55, 744425400,
1, kernel, 75, 56, 744467890,
1, kernel, 75, 57, 744368803,
1, kernel, 75, 58, 744038923,
1, kernel, 75, 59, 743903491,
1, kernel, 75, 60, 743746497,
1, kernel, 75, 61, 744488307,
1, kernel, 75, 62, 744773515,
1, kernel, 75, 63, 744259951,
1, kernel, 75, 64, 743947601,
1, kernel, 75, 65, 748071289,
1, kernel, 75, 66, 744622239,
1, kernel, 75, 67, 748180584,
1, kernel, 75, 68, 744504914,
1, kernel, 75, 69, 745946013,
1, kernel, 75, 70, 745673970,
1, kernel, 75, 71, 744962448,
1, kernel, 75, 72, 744427180,
1, kernel, 75, 73, 744483891,
1, kernel, 75, 74, 743761160,
1, , 75, , -373280102
1, kernel, 76, 0, 132245,
1, kernel, 76, 1, 753696882,
1, kernel, 76, 2, 744736515,
1, kernel, 76, 3, 747430110,
1, kernel, 76, 4, 747493235,
1, kernel, 76, 5, 746635585,
1, kernel, 76, 6, 745438885,
1, kernel, 76, 7, 746458331,
1, kernel, 76, 8, 746049210,
1, kernel, 76, 9, 744921362,
1, kernel, 76, 10, 745496616,
1, kernel, 76, 11, 746148469,
1, kernel, 76, 12, 746344220,
1, kernel, 76, 13, 745149808,
1, kernel, 76, 14, 747084153,
1, kernel, 76, 15, 747154067,
1, kernel, 76, 16, 746000128,
1, kernel, 76, 17, 746265783,
1, kernel, 76, 18, 745844635,
1, kernel, 76, 19, 745890766,
1, kernel, 76, 20, 747131382,
1, kernel, 76, 21, 746176310,
1, kernel, 76, 22, 746614378,
1, kernel, 76, 23, 746487841,
1, kernel, 76, 24, 746884978,
1, kernel, 76, 25, 746047324,
1, kernel, 76, 26, 747301442,
1, kernel, 76, 27, 746992880,
1, kernel, 76, 28, 746497267,
1, kernel, 76, 29, 747678956,
1, kernel, 76, 30, 746857339,
1, kernel, 76, 31, 746380676,
1, kernel, 76, 32, 745269885,
1, kernel, 76, 33, 745538401,
1, kernel, 76, 34, 744858732,
1, kernel, 76, 35, 745360617,
1, kernel, 76, 36, 745345927,
1, kernel, 76, 37, 747377315,
1, kernel, 76, 38, 746825769,
1, kernel, 76, 39, 748590454,
1, kernel, 76, 40, 746809637,
1, kernel, 76, 41, 746605158,
1, kernel, 76, 42, 746472565,
1, kernel, 76, 43, 746825570,
1, kernel, 76, 44, 744954035,
1, kernel, 76, 45, 751941548,
1, kernel, 76, 46, 749528225,
1, kernel, 76, 47, 746293509,
1, kernel, 76, 48, 745133169,
1, kernel, 76, 49, 745641912,
1, kernel, 76, 50, 758884489,
1, kernel, 76, 51, 755984641,
1, kernel, 76, 52, 744926657,
1, kernel, 76, 53, 747112855,
1, kernel, 76, 54, 750689019,
1, kernel, 76, 55, 749760005,
1, kernel, 76, 56, 746193173,
1, kernel, 76, 57, 751999113,
1, kernel, 76, 58, 747723795,
1, kernel, 76, 59, 746300349,
1, kernel, 76, 60, 751453508,
1, kernel, 76, 61, 748145236,
1, kernel, 76, 62, 748885792,
1, kernel, 76, 63, 745769259,
1, kernel, 76, 64, 746329242,
1, kernel, 76, 65, 745010847,
1, kernel, 76, 66, 746079129,
1, kernel, 76, 67, 746772207,
1, kernel, 76, 68, 747851103,
1, kernel, 76, 69, 744665000,
1, kernel, 76, 70, 745334189,
1, kernel, 76, 71, 744513922,
1, kernel, 76, 72, 744687272,
1, kernel, 76, 73, 744248511,
1, kernel, 76, 74, 744618501,
1, kernel, 76, 75, 744778914,
1, , 76, , 497227413
1, kernel, 77, 0, 132339,
1, kernel, 77, 1, 753470993,
1, kernel, 77, 2, 743985097,
1, kernel, 77, 3, 744567722,
1, kernel, 77, 4, 745785825,
1, kernel, 77, 5, 743705441,
1, kernel, 77, 6, 744220209,
1, kernel, 77, 7, 746741554,
1, kernel, 77, 8, 748975176,
1, kernel, 77, 9, 745949947,
1, kernel, 77, 10, 745554584,
1, kernel, 77, 11, 745239849,
1, kernel, 77, 12, 745519436,
1, kernel, 77, 13, 746713577,
1, kernel, 77, 14, 746729768,
1, kernel, 77, 15, 749684390,
1, kernel, 77, 16, 748164273,
1, kernel, 77, 17, 759096058,
1, kernel, 77, 18, 748343833,
1, kernel, 77, 19, 745995381,
1, kernel, 77, 20, 747189978,
1, kernel, 77, 21, 746209424,
1, kernel, 77, 22, 745937011,
1, kernel, 77, 23, 745413829,
1, kernel, 77, 24, 745624529,
1, kernel, 77, 25, 744731066,
1, kernel, 77, 26, 746965718,
1, kernel, 77, 27, 747336874,
1, kernel, 77, 28, 746461256,
1, kernel, 77, 29, 746823641,
1, kernel, 77, 30, 745799927,
1, kernel, 77, 31, 745627109,
1, kernel, 77, 32, 754767589,
1, kernel, 77, 33, 746740877,
1, kernel, 77, 34, 750084166,
1, kernel, 77, 35, 744285713,
1, kernel, 77, 36, 744575986,
1, kernel, 77, 37, 744212742,
1, kernel, 77, 38, 744663572,
1, kernel, 77, 39, 744065053,
1, kernel, 77, 40, 744575030,
1, kernel, 77, 41, 744186257,
1, kernel, 77, 42, 744604474,
1, kernel, 77, 43, 743603102,
1, kernel, 77, 44, 744728967,
1, kernel, 77, 45, 744515403,
1, kernel, 77, 46, 743839188,
1, kernel, 77, 47, 744100342,
1, kernel, 77, 48, 744859381,
1, kernel, 77, 49, 745374452,
1, kernel, 77, 50, 744057272,
1, kernel, 77, 51, 744143212,
1, kernel, 77, 52, 744490768,
1, kernel, 77, 53, 744412451,
1, kernel, 77, 54, 744167477,
1, kernel, 77, 55, 743859419,
1, kernel, 77, 56, 744198274,
1, kernel, 77, 57, 744073220,
1, kernel, 77, 58, 744461173,
1, kernel, 77, 59, 744295327,
1, kernel, 77, 60, 745223711,
1, kernel, 77, 61, 743883013,
1, kernel, 77, 62, 744007031,
1, kernel, 77, 63, 744442880,
1, kernel, 77, 64, 744639862,
1, kernel, 77, 65, 745640307,
1, kernel, 77, 66, 753592330,
1, kernel, 77, 67, 748179815,
1, kernel, 77, 68, 744945075,
1, kernel, 77, 69, 744359854,
1, kernel, 77, 70, 748730621,
1, kernel, 77, 71, 746552545,
1, kernel, 77, 72, 749489476,
1, kernel, 77, 73, 744158011,
1, kernel, 77, 74, 743694806,
1, kernel, 77, 75, 745081149,
1, kernel, 77, 76, 744173628,
1, , 77, , 1171009234
1, kernel, 78, 0, 133387,
1, kernel, 78, 1, 751901202,
1, kernel, 78, 2, 744042406,
1, kernel, 78, 3, 747877270,
1, kernel, 78, 4, 744028202,
1, kernel, 78, 5, 743213545,
1, kernel, 78, 6, 743837354,
1, kernel, 78, 7, 744551523,
1, kernel, 78, 8, 744809715,
1, kernel, 78, 9, 748170294,
1, kernel, 78, 10, 751769608,
1, kernel, 78, 11, 745218510,
1, kernel, 78, 12, 763204918,
1, kernel, 78, 13, 770014161,
1, kernel, 78, 14, 817887621,
1, kernel, 78, 15, 828279353,
1, kernel, 78, 16, 827303492,
1, kernel, 78, 17, 827545740,
1, kernel, 78, 18, 827054998,
1, kernel, 78, 19, 748381618,
1, kernel, 78, 20, 744012248,
1, kernel, 78, 21, 743819957,
1, kernel, 78, 22, 744221322,
1, kernel, 78, 23, 743555965,
1, kernel, 78, 24, 743497854,
1, kernel, 78, 25, 744122438,
1, kernel, 78, 26, 743813502,
1, kernel, 78, 27, 743958900,
1, kernel, 78, 28, 743780863,
1, kernel, 78, 29, 744032118,
1, kernel, 78, 30, 744125211,
1, kernel, 78, 31, 743753813,
1, kernel, 78, 32, 743888831,
1, kernel, 78, 33, 743895669,
1, kernel, 78, 34, 743948092,
1, kernel, 78, 35, 743757173,
1, kernel, 78, 36, 744557511,
1, kernel, 78, 37, 744136209,
1, kernel, 78, 38, 744289294,
1, kernel, 78, 39, 743931334,
1, kernel, 78, 40, 744589191,
1, kernel, 78, 41, 743800641,
1, kernel, 78, 42, 746856702,
1, kernel, 78, 43, 745060152,
1, kernel, 78, 44, 744214037,
1, kernel, 78, 45, 743675572,
1, kernel, 78, 46, 744591844,
1, kernel, 78, 47, 743568586,
1, kernel, 78, 48, 744412120,
1, kernel, 78, 49, 743531158,
1, kernel, 78, 50, 744157257,
1, kernel, 78, 51, 744011766,
1, kernel, 78, 52, 743550031,
1, kernel, 78, 53, 743796261,
1, kernel, 78, 54, 744119665,
1, kernel, 78, 55, 743991041,
1, kernel, 78, 56, 745695928,
1, kernel, 78, 57, 744223371,
1, kernel, 78, 58, 744320308,
1, kernel, 78, 59, 743847508,
1, kernel, 78, 60, 744081951,
1, kernel, 78, 61, 749202974,
1, kernel, 78, 62, 746931367,
1, kernel, 78, 63, 744858630,
1, kernel, 78, 64, 744369642,
1, kernel, 78, 65, 744461212,
1, kernel, 78, 66, 747838729,
1, kernel, 78, 67, 744434669,
1, kernel, 78, 68, 743891028,
1, kernel, 78, 69, 745724005,
1, kernel, 78, 70, 746169022,
1, kernel, 78, 71, 744336020,
1, kernel, 78, 72, 743835331,
1, kernel, 78, 73, 743729694,
1, kernel, 78, 74, 743416495,
1, kernel, 78, 75, 744155379,
1, kernel, 78, 76, 743853844,
1, kernel, 78, 77, 743910256,
1, , 78, , -2015146379
1, kernel, 79, 0, 132604,
1, kernel, 79, 1, 749947262,
1, kernel, 79, 2, 744409764,
1, kernel, 79, 3, 744165009,
1, kernel, 79, 4, 745464745,
1, kernel, 79, 5, 745993192,
1, kernel, 79, 6, 745993172,
1, kernel, 79, 7, 744122900,
1, kernel, 79, 8, 743850439,
1, kernel, 79, 9, 744041092,
1, kernel, 79, 10, 749413956,
1, kernel, 79, 11, 748859069,
1, kernel, 79, 12, 743796640,
1, kernel, 79, 13, 743733514,
1, kernel, 79, 14, 744112040,
1, kernel, 79, 15, 744061077,
1, kernel, 79, 16, 747704850,
1, kernel, 79, 17, 754315573,
1, kernel, 79, 18, 744060192,
