0, Fan1, 256, 256,56
0, Fan2, 256, 256,34
0, Fan1, 256, 255,78
0, Fan2, 256, 255,29
0, Fan1, 256, 254,106
0, Fan2, 256, 254,24
0, Fan1, 256, 253,129
0, Fan2, 256, 253,24
0, Fan1, 256, 252,146
0, Fan2, 256, 252,24
0, Fan1, 256, 251,176
0, Fan2, 256, 251,23
0, Fan1, 256, 250,206
0, Fan2, 256, 250,29
0, Fan1, 256, 249,235
0, Fan2, 256, 249,28
0, Fan1, 256, 248,262
0, Fan2, 256, 248,29
0, Fan1, 256, 247,292
0, Fan2, 256, 247,84
0, Fan1, 256, 246,321
0, Fan2, 256, 246,23
0, Fan1, 256, 245,351
0, Fan2, 256, 245,24
0, Fan1, 256, 244,374
0, Fan2, 256, 244,30
0, Fan1, 256, 243,404
0, Fan2, 256, 243,28
0, Fan1, 256, 242,439
0, Fan2, 256, 242,22
0, Fan1, 256, 241,463
0, Fan2, 256, 241,28
0, Fan1, 256, 240,492
0, Fan2, 256, 240,30
0, Fan1, 256, 239,521
0, Fan2, 256, 239,29
0, Fan1, 256, 238,545
0, Fan2, 256, 238,23
0, Fan1, 256, 237,569
0, Fan2, 256, 237,27
0, Fan1, 256, 236,597
0, Fan2, 256, 236,27
0, Fan1, 256, 235,681
0, Fan2, 256, 235,23
0, Fan1, 256, 234,717
0, Fan2, 256, 234,29
0, Fan1, 256, 233,745
0, Fan2, 256, 233,29
0, Fan1, 256, 232,769
0, Fan2, 256, 232,22
0, Fan1, 256, 231,853
0, Fan2, 256, 231,29
0, Fan1, 256, 230,882
0, Fan2, 256, 230,23
0, Fan1, 256, 229,912
0, Fan2, 256, 229,31
0, Fan1, 256, 228,943
0, Fan2, 256, 228,30
0, Fan1, 256, 227,967
0, Fan2, 256, 227,29
0, Fan1, 256, 226,1004
0, Fan2, 256, 226,23
0, Fan1, 256, 225,1028
0, Fan2, 256, 225,28
0, Fan1, 256, 224,1057
0, Fan2, 256, 224,28
0, Fan1, 256, 223,1081
0, Fan2, 256, 223,29
0, Fan1, 256, 222,1104
0, Fan2, 256, 222,23
0, Fan1, 256, 221,1129
0, Fan2, 256, 221,22
0, Fan1, 256, 220,1159
0, Fan2, 256, 220,29
0, Fan1, 256, 219,1190
0, Fan2, 256, 219,29
0, Fan1, 256, 218,1227
0, Fan2, 256, 218,29
0, Fan1, 256, 217,1255
0, Fan2, 256, 217,29
0, Fan1, 256, 216,1279
0, Fan2, 256, 216,24
0, Fan1, 256, 215,1302
0, Fan2, 256, 215,21
0, Fan1, 256, 214,1326
0, Fan2, 256, 214,24
0, Fan1, 256, 213,1356
0, Fan2, 256, 213,29
0, Fan1, 256, 212,1386
0, Fan2, 256, 212,29
0, Fan1, 256, 211,1468
0, Fan2, 256, 211,22
0, Fan1, 256, 210,1499
0, Fan2, 256, 210,30
0, Fan1, 256, 209,1529
0, Fan2, 256, 209,31
0, Fan1, 256, 208,1559
0, Fan2, 256, 208,30
0, Fan1, 256, 207,1588
0, Fan2, 256, 207,27
0, Fan1, 256, 206,1616
0, Fan2, 256, 206,30
0, Fan1, 256, 205,1645
0, Fan2, 256, 205,30
0, Fan1, 256, 204,1668
0, Fan2, 256, 204,40
0, Fan1, 256, 203,1696
0, Fan2, 256, 203,28
0, Fan1, 256, 202,1733
0, Fan2, 256, 202,24
0, Fan1, 256, 201,1762
0, Fan2, 256, 201,24
0, Fan1, 256, 200,1792
0, Fan2, 256, 200,30
0, Fan1, 256, 199,1821
0, Fan2, 256, 199,29
0, Fan1, 256, 198,1851
0, Fan2, 256, 198,29
0, Fan1, 256, 197,1881
0, Fan2, 256, 197,29
0, Fan1, 256, 196,1907
0, Fan2, 256, 196,23
0, Fan1, 256, 195,1930
0, Fan2, 256, 195,23
0, Fan1, 256, 194,1967
0, Fan2, 256, 194,29
0, Fan1, 256, 193,1998
0, Fan2, 256, 193,30
0, Fan1, 256, 192,2028
0, Fan2, 256, 192,28
0, Fan1, 256, 191,2057
0, Fan2, 256, 191,28
0, Fan1, 256, 190,2081
0, Fan2, 256, 190,23
0, Fan1, 256, 189,2104
0, Fan2, 256, 189,22
0, Fan1, 256, 188,2133
0, Fan2, 256, 188,30
0, Fan1, 256, 187,2162
0, Fan2, 256, 187,29
0, Fan1, 256, 186,2198
0, Fan2, 256, 186,29
0, Fan1, 256, 185,2226
0, Fan2, 256, 185,29
0, Fan1, 256, 184,2250
0, Fan2, 256, 184,24
0, Fan1, 256, 183,2273
0, Fan2, 256, 183,23
0, Fan1, 256, 182,2303
0, Fan2, 256, 182,23
0, Fan1, 256, 181,2333
0, Fan2, 256, 181,29
0, Fan1, 256, 180,2362
0, Fan2, 256, 180,29
0, Fan1, 256, 179,2391
0, Fan2, 256, 179,28
0, Fan1, 256, 178,2424
0, Fan2, 256, 178,29
0, Fan1, 256, 177,2454
0, Fan2, 256, 177,28
0, Fan1, 256, 176,2484
0, Fan2, 256, 176,28
0, Fan1, 256, 175,2513
0, Fan2, 256, 175,29
0, Fan1, 256, 174,2542
0, Fan2, 256, 174,29
0, Fan1, 256, 173,2570
0, Fan2, 256, 173,28
0, Fan1, 256, 172,2599
0, Fan2, 256, 172,22
0, Fan1, 256, 171,2623
0, Fan2, 256, 171,23
0, Fan1, 256, 170,2659
0, Fan2, 256, 170,30
0, Fan1, 256, 169,2688
0, Fan2, 256, 169,85
0, Fan1, 256, 168,2713
0, Fan2, 256, 168,22
0, Fan1, 256, 167,2737
0, Fan2, 256, 167,23
0, Fan1, 256, 166,2766
0, Fan2, 256, 166,29
0, Fan1, 256, 165,2795
0, Fan2, 256, 165,28
0, Fan1, 256, 164,2825
0, Fan2, 256, 164,28
0, Fan1, 256, 163,2855
0, Fan2, 256, 163,29
0, Fan1, 256, 162,2895
0, Fan2, 256, 162,30
0, Fan1, 256, 161,2924
0, Fan2, 256, 161,29
0, Fan1, 256, 160,2949
0, Fan2, 256, 160,22
0, Fan1, 256, 159,2972
0, Fan2, 256, 159,24
0, Fan1, 256, 158,3001
0, Fan2, 256, 158,29
0, Fan1, 256, 157,3031
0, Fan2, 256, 157,31
0, Fan1, 256, 156,3054
0, Fan2, 256, 156,29
0, Fan1, 256, 155,3076
0, Fan2, 256, 155,22
0, Fan1, 256, 154,3102
0, Fan2, 256, 154,22
0, Fan1, 256, 153,3132
0, Fan2, 256, 153,30
0, Fan1, 256, 152,3163
0, Fan2, 256, 152,28
0, Fan1, 256, 151,3192
0, Fan2, 256, 151,27
0, Fan1, 256, 150,3221
0, Fan2, 256, 150,28
0, Fan1, 256, 149,3250
0, Fan2, 256, 149,29
0, Fan1, 256, 148,3340
0, Fan2, 256, 148,28
0, Fan1, 256, 147,3371
0, Fan2, 256, 147,28
0, Fan1, 256, 146,3404
0, Fan2, 256, 146,30
0, Fan1, 256, 145,3433
0, Fan2, 256, 145,90
0, Fan1, 256, 144,3462
0, Fan2, 256, 144,30
0, Fan1, 256, 143,3491
0, Fan2, 256, 143,28
0, Fan1, 256, 142,3521
0, Fan2, 256, 142,28
0, Fan1, 256, 141,3549
0, Fan2, 256, 141,29
0, Fan1, 256, 140,3578
0, Fan2, 256, 140,28
0, Fan1, 256, 139,3600
0, Fan2, 256, 139,24
0, Fan1, 256, 138,3638
0, Fan2, 256, 138,30
0, Fan1, 256, 137,3667
0, Fan2, 256, 137,30
0, Fan1, 256, 136,3696
0, Fan2, 256, 136,27
0, Fan1, 256, 135,3724
0, Fan2, 256, 135,30
0, Fan1, 256, 134,3753
0, Fan2, 256, 134,29
0, Fan1, 256, 133,3782
0, Fan2, 256, 133,31
0, Fan1, 256, 132,3813
0, Fan2, 256, 132,29
0, Fan1, 256, 131,3840
0, Fan2, 256, 131,28
0, Fan1, 256, 130,3877
0, Fan2, 256, 130,29
0, Fan1, 256, 129,3907
0, Fan2, 256, 129,28
0, Fan1, 256, 128,3929
0, Fan2, 256, 128,22
0, Fan1, 256, 127,3952
0, Fan2, 256, 127,24
0, Fan1, 256, 126,3975
0, Fan2, 256, 126,25
0, Fan1, 256, 125,4004
0, Fan2, 256, 125,28
0, Fan1, 256, 124,4033
0, Fan2, 256, 124,28
0, Fan1, 256, 123,4062
0, Fan2, 256, 123,28
0, Fan1, 256, 122,4098
0, Fan2, 256, 122,30
0, Fan1, 256, 121,4121
0, Fan2, 256, 121,22
0, Fan1, 256, 120,4145
0, Fan2, 256, 120,22
0, Fan1, 256, 119,4168
0, Fan2, 256, 119,23
0, Fan1, 256, 118,4191
0, Fan2, 256, 118,23
0, Fan1, 256, 117,4220
0, Fan2, 256, 117,30
0, Fan1, 256, 116,4249
0, Fan2, 256, 116,28
0, Fan1, 256, 115,4280
0, Fan2, 256, 115,30
0, Fan1, 256, 114,4317
0, Fan2, 256, 114,24
0, Fan1, 256, 113,4401
0, Fan2, 256, 113,30
0, Fan1, 256, 112,4430
0, Fan2, 256, 112,29
0, Fan1, 256, 111,4461
0, Fan2, 256, 111,28
0, Fan1, 256, 110,4490
0, Fan2, 256, 110,28
0, Fan1, 256, 109,4513
0, Fan2, 256, 109,29
0, Fan1, 256, 108,4542
0, Fan2, 256, 108,29
0, Fan1, 256, 107,4572
0, Fan2, 256, 107,29
0, Fan1, 256, 106,4609
0, Fan2, 256, 106,29
0, Fan1, 256, 105,4640
0, Fan2, 256, 105,22
0, Fan1, 256, 104,4663
0, Fan2, 256, 104,23
0, Fan1, 256, 103,4686
0, Fan2, 256, 103,23
0, Fan1, 256, 102,4708
0, Fan2, 256, 102,24
0, Fan1, 256, 101,4738
0, Fan2, 256, 101,30
0, Fan1, 256, 100,4767
0, Fan2, 256, 100,29
0, Fan1, 256, 99,4797
0, Fan2, 256, 99,27
0, Fan1, 256, 98,4835
0, Fan2, 256, 98,30
0, Fan1, 256, 97,4863
0, Fan2, 256, 97,30
0, Fan1, 256, 96,4891
0, Fan2, 256, 96,28
0, Fan1, 256, 95,4920
0, Fan2, 256, 95,28
0, Fan1, 256, 94,4950
0, Fan2, 256, 94,28
0, Fan1, 256, 93,4979
0, Fan2, 256, 93,29
0, Fan1, 256, 92,5008
0, Fan2, 256, 92,29
0, Fan1, 256, 91,5037
0, Fan2, 256, 91,29
0, Fan1, 256, 90,5074
0, Fan2, 256, 90,23
0, Fan1, 256, 89,5104
0, Fan2, 256, 89,23
0, Fan1, 256, 88,5132
0, Fan2, 256, 88,23
0, Fan1, 256, 87,5161
0, Fan2, 256, 87,24
0, Fan1, 256, 86,5191
0, Fan2, 256, 86,23
0, Fan1, 256, 85,5220
0, Fan2, 256, 85,28
0, Fan1, 256, 84,5245
0, Fan2, 256, 84,30
0, Fan1, 256, 83,5268
0, Fan2, 256, 83,29
0, Fan1, 256, 82,5304
0, Fan2, 256, 82,30
0, Fan1, 256, 81,5332
0, Fan2, 256, 81,30
0, Fan1, 256, 80,5361
0, Fan2, 256, 80,29
0, Fan1, 256, 79,5389
0, Fan2, 256, 79,29
0, Fan1, 256, 78,5420
0, Fan2, 256, 78,30
0, Fan1, 256, 77,5448
0, Fan2, 256, 77,29
0, Fan1, 256, 76,5476
0, Fan2, 256, 76,30
0, Fan1, 256, 75,5507
0, Fan2, 256, 75,29
0, Fan1, 256, 74,5544
0, Fan2, 256, 74,29
0, Fan1, 256, 73,5573
0, Fan2, 256, 73,30
0, Fan1, 256, 72,5602
0, Fan2, 256, 72,28
0, Fan1, 256, 71,5630
0, Fan2, 256, 71,29
0, Fan1, 256, 70,5660
0, Fan2, 256, 70,28
0, Fan1, 256, 69,5689
0, Fan2, 256, 69,29
0, Fan1, 256, 68,5718
0, Fan2, 256, 68,35
0, Fan1, 256, 67,5742
0, Fan2, 256, 67,28
0, Fan1, 256, 66,5778
0, Fan2, 256, 66,28
0, Fan1, 256, 65,5807
0, Fan2, 256, 65,28
0, Fan1, 256, 64,5836
0, Fan2, 256, 64,29
0, Fan1, 256, 63,5865
0, Fan2, 256, 63,29
0, Fan1, 256, 62,5895
0, Fan2, 256, 62,28
0, Fan1, 256, 61,5924
0, Fan2, 256, 61,29
0, Fan1, 256, 60,5954
0, Fan2, 256, 60,29
0, Fan1, 256, 59,5983
0, Fan2, 256, 59,29
0, Fan1, 256, 58,6021
0, Fan2, 256, 58,29
0, Fan1, 256, 57,6050
0, Fan2, 256, 57,23
0, Fan1, 256, 56,6082
0, Fan2, 256, 56,26
0, Fan1, 256, 55,6107
0, Fan2, 256, 55,26
0, Fan1, 256, 54,6132
0, Fan2, 256, 54,24
0, Fan1, 256, 53,6155
0, Fan2, 256, 53,22
0, Fan1, 256, 52,6180
0, Fan2, 256, 52,24
0, Fan1, 256, 51,6205
0, Fan2, 256, 51,23
0, Fan1, 256, 50,6243
0, Fan2, 256, 50,31
0, Fan1, 256, 49,6266
0, Fan2, 256, 49,31
0, Fan1, 256, 48,6295
0, Fan2, 256, 48,27
0, Fan1, 256, 47,6325
0, Fan2, 256, 47,29
0, Fan1, 256, 46,6355
0, Fan2, 256, 46,28
0, Fan1, 256, 45,6384
0, Fan2, 256, 45,30
0, Fan1, 256, 44,6406
0, Fan2, 256, 44,23
0, Fan1, 256, 43,6436
0, Fan2, 256, 43,29
0, Fan1, 256, 42,6472
0, Fan2, 256, 42,28
0, Fan1, 256, 41,6501
0, Fan2, 256, 41,30
0, Fan1, 256, 40,6531
0, Fan2, 256, 40,27
0, Fan1, 256, 39,6560
0, Fan2, 256, 39,28
0, Fan1, 256, 38,6589
0, Fan2, 256, 38,30
0, Fan1, 256, 37,6618
0, Fan2, 256, 37,30
0, Fan1, 256, 36,6648
0, Fan2, 256, 36,29
0, Fan1, 256, 35,6676
0, Fan2, 256, 35,30
0, Fan1, 256, 34,6712
0, Fan2, 256, 34,29
0, Fan1, 256, 33,6741
0, Fan2, 256, 33,28
0, Fan1, 256, 32,6771
0, Fan2, 256, 32,29
0, Fan1, 256, 31,6800
0, Fan2, 256, 31,30
0, Fan1, 256, 30,6829
0, Fan2, 256, 30,29
0, Fan1, 256, 29,6858
0, Fan2, 256, 29,29
0, Fan1, 256, 28,6887
0, Fan2, 256, 28,27
0, Fan1, 256, 27,6916
0, Fan2, 256, 27,29
0, Fan1, 256, 26,6953
0, Fan2, 256, 26,24
0, Fan1, 256, 25,6982
0, Fan2, 256, 25,22
0, Fan1, 256, 24,7011
0, Fan2, 256, 24,28
0, Fan1, 256, 23,7040
0, Fan2, 256, 23,30
0, Fan1, 256, 22,7070
0, Fan2, 256, 22,29
0, Fan1, 256, 21,7098
0, Fan2, 256, 21,28
0, Fan1, 256, 20,7127
0, Fan2, 256, 20,30
0, Fan1, 256, 19,7156
0, Fan2, 256, 19,30
0, Fan1, 256, 18,7192
0, Fan2, 256, 18,24
0, Fan1, 256, 17,7215
0, Fan2, 256, 17,27
0, Fan1, 256, 16,7244
0, Fan2, 256, 16,28
0, Fan1, 256, 15,7328
0, Fan2, 256, 15,29
0, Fan1, 256, 14,7359
0, Fan2, 256, 14,21
0, Fan1, 256, 13,7387
0, Fan2, 256, 13,29
0, Fan1, 256, 12,7416
0, Fan2, 256, 12,30
0, Fan1, 256, 11,7446
0, Fan2, 256, 11,15
0, Fan1, 256, 10,7482
0, Fan2, 256, 10,15
0, Fan1, 256, 9,7506
0, Fan2, 256, 9,22
0, Fan1, 256, 8,7535
0, Fan2, 256, 8,15
0, Fan1, 256, 7,7566
0, Fan2, 256, 7,21
0, Fan1, 256, 6,7595
0, Fan2, 256, 6,20
0, Fan1, 256, 5,7624
0, Fan2, 256, 5,30
0, Fan1, 256, 4,7653
0, Fan2, 256, 4,15
0, Fan1, 256, 3,7742
0, Fan2, 256, 3,15
0, Fan1, 256, 2,7771
0, Fan2, 256, 2,22
T, , 256, , , 99356
