1, 8192,0.002277,0.000009,0.003396,0.005690, 
1, 9216,0.002285,0.000008,0.003413,0.005717, 
1, 10240,0.001755,0.000009,0.003432,0.005207, 
1, 11264,0.002301,0.000008,0.003459,0.005780, 
1, 12288,0.002275,0.000008,0.003473,0.005768, 
1, 13312,0.002319,0.000008,0.003503,0.005841, 
1, 14336,0.002313,0.000009,0.003525,0.005854, 
1, 15360,0.002292,0.000009,0.003550,0.005862, 
1, 16384,0.000883,0.000008,0.003767,0.004667, 
1, 17408,0.001028,0.000007,0.003644,0.004691, 
1, 18432,0.001016,0.000009,0.003686,0.004721, 
1, 19456,0.001039,0.000009,0.003699,0.004757, 
1, 20480,0.001041,0.000008,0.003739,0.004799, 
1, 21504,0.001044,0.000008,0.003786,0.004848, 
1, 22528,0.001046,0.000007,0.003792,0.004857, 
1, 23552,0.001019,0.000008,0.003837,0.004872, 
1, 24576,0.001056,0.000008,0.003887,0.004961, 
1, 25600,0.001071,0.000007,0.003651,0.004740, 
1, 26624,0.001070,0.000007,0.003921,0.005008, 
1, 27648,0.001075,0.000009,0.003969,0.005065, 
1, 28672,0.001106,0.000008,0.004003,0.005127, 
1, 29696,0.001080,0.000008,0.004035,0.005133, 
1, 30720,0.001079,0.000010,0.004059,0.005156, 
1, 31744,0.001867,0.000009,0.004100,0.005990, 
1, 32768,0.001120,0.000009,0.003634,0.004774, 
1, 33792,0.001103,0.000006,0.004169,0.005290, 
1, 34816,0.001116,0.000009,0.004224,0.005359, 
1, 35840,0.001127,0.000008,0.004247,0.005393, 
1, 36864,0.001129,0.000009,0.004319,0.005468, 
1, 37888,0.001134,0.000008,0.004263,0.005416, 
1, 38912,0.001045,0.000009,0.004292,0.005355, 
1, 39936,0.001153,0.000009,0.004374,0.005547, 
1, 40960,0.001156,0.000009,0.004337,0.005512, 
1, 41984,0.001156,0.000008,0.004385,0.005560, 
1, 43008,0.001127,0.000009,0.004432,0.005577, 
1, 44032,0.001156,0.000009,0.004439,0.005614, 
1, 45056,0.001179,0.000009,0.004546,0.005745, 
1, 46080,0.001221,0.000009,0.004485,0.005724, 
1, 47104,0.001173,0.000008,0.004566,0.005758, 
1, 48128,0.001197,0.000010,0.004592,0.005809, 
1, 49152,0.001199,0.000010,0.004657,0.005879, 
1, 50176,0.001239,0.000008,0.004653,0.005911, 
1, 51200,0.001180,0.000009,0.004081,0.005280, 
1, 52224,0.001220,0.000009,0.004723,0.005962, 
1, 53248,0.001209,0.000009,0.005201,0.006432, 
1, 54272,0.001241,0.000010,0.005334,0.006595, 
1, 55296,0.001744,0.000009,0.005541,0.007304, 
1, 56320,0.001805,0.000008,0.006014,0.007838, 
1, 57344,0.001795,0.000009,0.005651,0.007466, 
1, 58368,0.001963,0.000011,0.006054,0.008038, 
1, 59392,0.002248,0.000010,0.006067,0.008336, 
1, 60416,0.002436,0.000010,0.006149,0.008607, 
1, 61440,0.002189,0.000009,0.006152,0.008361, 
1, 62464,0.002469,0.000009,0.006155,0.008643, 
1, 63488,0.002455,0.000011,0.006199,0.008675, 
1, 64512,0.001856,0.000008,0.006211,0.008084, 
1, 65536,0.002396,0.000009,0.006476,0.008892, 
