0, 8192,0.0002450.000002,0.000652,0.000910, 
0, 9216,0.0002410.000003,0.000727,0.000981, 
0, 10240,0.0002660.000002,0.000810,0.001089, 
0, 11264,0.0002950.000003,0.000890,0.001199, 
0, 12288,0.0003200.000003,0.000973,0.001305, 
0, 13312,0.0003440.000002,0.001051,0.001408, 
0, 14336,0.0004500.000002,0.001384,0.001846, 
0, 15360,0.0004570.000002,0.001327,0.001797, 
0, 16384,0.0004400.000002,0.001384,0.001839, 
0, 17408,0.0004670.000002,0.001404,0.001885, 
0, 18432,0.0005210.000002,0.001543,0.002078, 
0, 19456,0.0006140.000003,0.001774,0.002403, 
0, 20480,0.0005780.000003,0.001922,0.002514, 
0, 21504,0.0005870.000002,0.001757,0.002363, 
0, 22528,0.0005960.000003,0.001885,0.002495, 
0, 23552,0.0007590.000003,0.002108,0.002884, 
0, 24576,0.0007290.000003,0.002297,0.003044, 
0, 25600,0.0006640.000002,0.002060,0.002739, 
0, 26624,0.0007340.000004,0.002388,0.003138, 
0, 27648,0.0008240.000003,0.002321,0.003164, 
0, 28672,0.0007890.000003,0.002532,0.003337, 
0, 29696,0.0008260.000002,0.002659,0.003508, 
0, 30720,0.0009670.000003,0.002617,0.003605, 
0, 31744,0.0008870.000003,0.002801,0.003715, 
0, 32768,0.0008550.000002,0.002996,0.003871, 
0, 33792,0.0008810.000003,0.002968,0.003867, 
0, 34816,0.0009080.000003,0.003115,0.004045, 
0, 35840,0.0011610.000003,0.003430,0.004613, 
0, 36864,0.0011140.000003,0.003780,0.004916, 
0, 37888,0.0011260.000003,0.003851,0.005002, 
0, 38912,0.0010390.000003,0.003795,0.004857, 
0, 39936,0.0012380.000004,0.004053,0.005315, 
0, 40960,0.0014320.000004,0.004131,0.005588, 
0, 41984,0.0012330.000002,0.004518,0.005777, 
0, 43008,0.0014700.000003,0.004605,0.006100, 
0, 44032,0.0014620.000003,0.005279,0.006770, 
0, 45056,0.0015480.000002,0.005172,0.006748, 
0, 46080,0.0015120.000004,0.005294,0.006832, 
0, 47104,0.0016210.000003,0.005547,0.007197, 
0, 48128,0.0016010.000004,0.005933,0.007559, 
0, 49152,0.0018230.000003,0.006081,0.007934, 
0, 50176,0.0017080.000005,0.006420,0.008155, 
0, 51200,0.0019590.000005,0.006576,0.008562, 
0, 52224,0.0018410.000003,0.006758,0.008630, 
0, 53248,0.0018500.000005,0.006968,0.008846, 
0, 54272,0.0018940.000004,0.007676,0.009597, 
0, 55296,0.0019670.000005,0.007570,0.009564, 
0, 56320,0.0022310.000005,0.007876,0.010135, 
0, 57344,0.0021360.000007,0.008110,0.010276, 
0, 58368,0.0022190.000004,0.008470,0.010722, 
0, 59392,0.0022390.000003,0.008888,0.011159, 
0, 60416,0.0022790.000004,0.009078,0.011388, 
0, 61440,0.0025830.000003,0.009437,0.012054, 
0, 62464,0.0024680.000005,0.009785,0.012285, 
0, 63488,0.0025970.000004,0.010216,0.012841, 
0, 64512,0.0026630.000004,0.010643,0.013339, 
0, 65536,0.0025880.000005,0.011131,0.013752, 
